   6.5000000e+04   3.3553738e-01   1.5000000e+03
   6.5000000e+04   3.8493208e-01   1.5000000e+03
   6.5000000e+04   3.8903363e-01   1.5000000e+03
   6.5000000e+04   3.1216984e-01   1.5000000e+03
   6.5000000e+04   3.5173260e-01   1.5000000e+03
   6.5000000e+04   3.0908831e-01   1.5000000e+03
   6.5000000e+04   3.3033310e-01   1.5000000e+03
   6.5000000e+04   3.6383472e-01   1.5000000e+03
   6.5000000e+04   3.1621540e-01   1.5000000e+03
   6.5000000e+04   3.3382371e-01   1.5000000e+03
   6.5000000e+04   3.7860458e-01   1.5000000e+03
   6.5000000e+04   3.0358453e-01   1.5000000e+03
   6.5000000e+04   3.9678565e-01   1.5000000e+03
   6.5000000e+04   3.8045636e-01   1.5000000e+03
   6.5000000e+04   3.2764173e-01   1.5000000e+03
   6.5000000e+04   3.6193308e-01   1.5000000e+03
   6.5000000e+04   3.4995980e-01   1.5000000e+03
   6.5000000e+04   3.4074519e-01   1.5000000e+03
   6.5000000e+04   3.0027640e-01   1.5000000e+03
   6.5000000e+04   3.2815470e-01   1.5000000e+03
   6.5000000e+04   3.3222485e-01   1.5000000e+03
   6.5000000e+04   3.7019024e-01   1.5000000e+03
   6.5000000e+04   3.9105277e-01   1.5000000e+03
   6.5000000e+04   3.2175919e-01   1.5000000e+03
   6.5000000e+04   3.6291793e-01   1.5000000e+03
   6.5000000e+04   3.7777978e-01   1.5000000e+03
   6.5000000e+04   3.9302309e-01   1.5000000e+03
   6.5000000e+04   3.7508855e-01   1.5000000e+03
   6.5000000e+04   3.0136838e-01   1.5000000e+03
   6.5000000e+04   3.2400770e-01   1.5000000e+03
   6.5000000e+04   3.0741246e-01   1.5000000e+03
   6.5000000e+04   3.0860629e-01   1.5000000e+03
   6.5000000e+04   3.3466682e-01   1.5000000e+03
   6.5000000e+04   3.7232240e-01   1.5000000e+03
   6.5000000e+04   3.6032384e-01   1.5000000e+03
   6.5000000e+04   3.8662890e-01   1.5000000e+03
   6.5000000e+04   3.6854648e-01   1.5000000e+03
   6.5000000e+04   3.4730705e-01   1.5000000e+03
   6.5000000e+04   3.9765252e-01   1.5000000e+03
   6.5000000e+04   3.1985522e-01   1.5000000e+03
   6.5000000e+04   3.1863615e-01   1.5000000e+03
   6.5000000e+04   3.4421197e-01   1.5000000e+03
   6.5000000e+04   3.1405356e-01   1.5000000e+03
   6.5000000e+04   3.1191856e-01   1.5000000e+03
   6.5000000e+04   3.2310025e-01   1.5000000e+03
   6.5000000e+04   3.2619788e-01   1.5000000e+03
   6.5000000e+04   3.4325931e-01   1.5000000e+03
   6.5000000e+04   3.1571641e-01   1.5000000e+03
   6.5000000e+04   3.3130835e-01   1.5000000e+03
   6.5000000e+04   3.5290318e-01   1.5000000e+03
   6.5000000e+04   3.8701862e-01   1.5000000e+03
   6.5000000e+04   3.8810042e-01   1.5000000e+03
   6.5000000e+04   3.4615433e-01   1.5000000e+03
   6.5000000e+04   3.4135080e-01   1.5000000e+03
   6.5000000e+04   3.9831625e-01   1.5000000e+03
   6.5000000e+04   3.9253827e-01   1.5000000e+03
   6.5000000e+04   3.7916881e-01   1.5000000e+03
   6.5000000e+04   3.6637992e-01   1.5000000e+03
   6.5000000e+04   3.0211746e-01   1.5000000e+03
   6.5000000e+04   3.3693711e-01   1.5000000e+03
   6.5000000e+04   3.3834270e-01   1.5000000e+03
   6.5000000e+04   3.0503458e-01   1.5000000e+03
   6.5000000e+04   3.9991561e-01   1.5000000e+03
   6.5000000e+04   3.3983761e-01   1.5000000e+03
   6.5000000e+04   3.4534881e-01   1.5000000e+03
   6.5000000e+04   3.8575913e-01   1.5000000e+03
   6.5000000e+04   3.9524624e-01   1.5000000e+03
   6.5000000e+04   3.7371725e-01   1.5000000e+03
   6.5000000e+04   3.5459036e-01   1.5000000e+03
   6.5000000e+04   3.5352252e-01   1.5000000e+03
   6.5000000e+04   3.8198257e-01   1.5000000e+03
   6.5000000e+04   3.4230843e-01   1.5000000e+03
   6.5000000e+04   3.5942935e-01   1.5000000e+03
   6.5000000e+04   3.2206951e-01   1.5000000e+03
   6.5000000e+04   3.0469290e-01   1.5000000e+03
   6.5000000e+04   3.3796829e-01   1.5000000e+03
   6.5000000e+04   3.6445225e-01   1.5000000e+03
   6.5000000e+04   3.8247915e-01   1.5000000e+03
   6.5000000e+04   3.5621319e-01   1.5000000e+03
   6.5000000e+04   3.2033400e-01   1.5000000e+03
   6.5000000e+04   3.6501370e-01   1.5000000e+03
   6.5000000e+04   3.5030838e-01   1.5000000e+03
   6.5000000e+04   3.1044995e-01   1.5000000e+03
   6.5000000e+04   3.1737085e-01   1.5000000e+03
   6.5000000e+04   3.1302965e-01   1.5000000e+03
   6.5000000e+04   3.5787482e-01   1.5000000e+03
   6.5000000e+04   3.7668062e-01   1.5000000e+03
   6.5000000e+04   3.6763729e-01   1.5000000e+03
   6.5000000e+04   3.7128289e-01   1.5000000e+03
   6.5000000e+04   3.5520193e-01   1.5000000e+03
   6.5000000e+04   3.5875402e-01   1.5000000e+03
   6.5000000e+04   3.2974556e-01   1.5000000e+03
   6.5000000e+04   3.9402697e-01   1.5000000e+03
   6.5000000e+04   3.0602929e-01   1.5000000e+03
   6.5000000e+04   3.6988488e-01   1.5000000e+03
   6.5000000e+04   3.8302641e-01   1.5000000e+03
   6.5000000e+04   3.7418311e-01   1.5000000e+03
   6.5000000e+04   3.9039119e-01   1.5000000e+03
   6.5000000e+04   3.4871781e-01   1.5000000e+03
   6.5000000e+04   3.2526865e-01   1.5000000e+03
