   1.2915306e-01   1.2923750e-01   1.2934192e-01   1.2952486e-01   1.2941869e-01   1.2938008e-01
   1.2673568e-01   1.2685652e-01   1.2782753e-01   1.2772561e-01   1.2777609e-01   1.2780760e-01
   1.2627625e-01   1.2640115e-01   1.2765534e-01   1.2744208e-01   1.2753373e-01   1.2760034e-01
   1.2901577e-01   1.2908865e-01   1.2978369e-01   1.2967259e-01   1.2963714e-01   1.2970035e-01
   1.2885797e-01   1.2895223e-01   1.2894270e-01   1.2919951e-01   1.2908929e-01   1.2902034e-01
   1.2895782e-01   1.2902937e-01   1.2983115e-01   1.2966808e-01   1.2964661e-01   1.2972742e-01
   1.2917372e-01   1.2925535e-01   1.2945335e-01   1.2958783e-01   1.2949146e-01   1.2947022e-01
   1.2836205e-01   1.2846486e-01   1.2858727e-01   1.2880706e-01   1.2872491e-01   1.2866201e-01
   1.2907905e-01   1.2915374e-01   1.2971769e-01   1.2967060e-01   1.2961830e-01   1.2965977e-01
   1.2916347e-01   1.2924697e-01   1.2937948e-01   1.2954766e-01   1.2944430e-01   1.2941104e-01
   1.2734376e-01   1.2745872e-01   1.2807636e-01   1.2811177e-01   1.2810946e-01   1.2809889e-01
   1.2883457e-01   1.2890384e-01   1.2991002e-01   1.2964761e-01   1.2965342e-01   1.2976779e-01
   1.2524785e-01   1.2538099e-01   1.2730384e-01   1.2682501e-01   1.2701129e-01   1.2716428e-01
   1.2717770e-01   1.2729434e-01   1.2800555e-01   1.2800483e-01   1.2801670e-01   1.2801704e-01
   1.2917199e-01   1.2925222e-01   1.2950795e-01   1.2961323e-01   1.2952336e-01   1.2951239e-01
   1.2845810e-01   1.2855949e-01   1.2864664e-01   1.2887834e-01   1.2878976e-01   1.2872398e-01
   1.2890921e-01   1.2900230e-01   1.2899048e-01   1.2924553e-01   1.2913360e-01   1.2906601e-01
   1.2909842e-01   1.2918583e-01   1.2922244e-01   1.2944258e-01   1.2933051e-01   1.2927799e-01
   1.2874894e-01   1.2881689e-01   1.2995384e-01   1.2962793e-01   1.2965149e-01   1.2978728e-01
   1.2917295e-01   1.2925344e-01   1.2949770e-01   1.2960875e-01   1.2951757e-01   1.2950458e-01
   1.2916996e-01   1.2925259e-01   1.2941375e-01   1.2956709e-01   1.2946672e-01   1.2943878e-01
   1.2798617e-01   1.2809395e-01   1.2837861e-01   1.2854012e-01   1.2848553e-01   1.2843820e-01
   1.2602947e-01   1.2615644e-01   1.2756719e-01   1.2729204e-01   1.2740614e-01   1.2749257e-01
   1.2914071e-01   1.2921801e-01   1.2962031e-01   1.2965264e-01   1.2958019e-01   1.2959448e-01
   1.2840926e-01   1.2851138e-01   1.2861606e-01   1.2884190e-01   1.2875655e-01   1.2869216e-01
   1.2741472e-01   1.2752894e-01   1.2810738e-01   1.2815786e-01   1.2814956e-01   1.2813448e-01
   1.2577475e-01   1.2590379e-01   1.2747892e-01   1.2713858e-01   1.2727603e-01   1.2738356e-01
   1.2763377e-01   1.2774564e-01   1.2820645e-01   1.2830186e-01   1.2827536e-01   1.2824699e-01
   1.2877813e-01   1.2884651e-01   1.2993967e-01   1.2963502e-01   1.2965261e-01   1.2978124e-01
   1.2915698e-01   1.2923538e-01   1.2957848e-01   1.2964012e-01   1.2956051e-01   1.2956470e-01
   1.2892292e-01   1.2899376e-01   1.2985597e-01   1.2966351e-01   1.2965004e-01   1.2974078e-01
   1.2894803e-01   1.2901937e-01   1.2983836e-01   1.2966692e-01   1.2964772e-01   1.2973136e-01
   1.2915880e-01   1.2924276e-01   1.2936110e-01   1.2953670e-01   1.2943191e-01   1.2939596e-01
   1.2783985e-01   1.2794939e-01   1.2830493e-01   1.2844007e-01   1.2839693e-01   1.2835706e-01
   1.2853383e-01   1.2863404e-01   1.2869583e-01   1.2893573e-01   1.2884233e-01   1.2877470e-01
   1.2655220e-01   1.2667470e-01   1.2775738e-01   1.2761166e-01   1.2767848e-01   1.2772370e-01
   1.2809183e-01   1.2819829e-01   1.2843412e-01   1.2861356e-01   1.2855091e-01   1.2849863e-01
   1.2897660e-01   1.2906801e-01   1.2906004e-01   1.2930936e-01   1.2919592e-01   1.2913133e-01
   1.2511854e-01   1.2525265e-01   1.2726224e-01   1.2674875e-01   1.2694710e-01   1.2711160e-01
   1.2912292e-01   1.2919931e-01   1.2965467e-01   1.2966085e-01   1.2959492e-01   1.2961819e-01
   1.2910965e-01   1.2918546e-01   1.2967617e-01   1.2966497e-01   1.2960345e-01   1.2963266e-01
   1.2904177e-01   1.2913126e-01   1.2913833e-01   1.2937646e-01   1.2926279e-01   1.2920310e-01
   1.2904708e-01   1.2912080e-01   1.2975348e-01   1.2967280e-01   1.2962929e-01   1.2968218e-01
   1.2901135e-01   1.2908412e-01   1.2978765e-01   1.2967241e-01   1.2963807e-01   1.2970268e-01
   1.2915104e-01   1.2922899e-01   1.2959553e-01   1.2964555e-01   1.2956875e-01   1.2957695e-01
   1.2916773e-01   1.2924722e-01   1.2953641e-01   1.2962492e-01   1.2953893e-01   1.2953380e-01
   1.2905902e-01   1.2914793e-01   1.2916181e-01   1.2939556e-01   1.2928214e-01   1.2922425e-01
   1.2907205e-01   1.2914652e-01   1.2972606e-01   1.2967134e-01   1.2962103e-01   1.2966509e-01
   1.2917231e-01   1.2925445e-01   1.2943306e-01   1.2957744e-01   1.2947895e-01   1.2945420e-01
   1.2882133e-01   1.2891637e-01   1.2891057e-01   1.2916760e-01   1.2905883e-01   1.2898927e-01
   1.2650877e-01   1.2663165e-01   1.2774105e-01   1.2758483e-01   1.2765554e-01   1.2770407e-01
   1.2638561e-01   1.2650957e-01   1.2769531e-01   1.2750904e-01   1.2759082e-01   1.2764885e-01
   1.2900253e-01   1.2909321e-01   1.2908955e-01   1.2933526e-01   1.2922155e-01   1.2915861e-01
   1.2908973e-01   1.2917750e-01   1.2920801e-01   1.2943170e-01   1.2931921e-01   1.2926531e-01
   1.2501743e-01   1.2515230e-01   1.2723006e-01   1.2668930e-01   1.2689711e-01   1.2707069e-01
   1.2583874e-01   1.2596726e-01   1.2750085e-01   1.2717700e-01   1.2730857e-01   1.2741074e-01
   1.2729417e-01   1.2740963e-01   1.2805496e-01   1.2807970e-01   1.2808160e-01   1.2807424e-01
   1.2822195e-01   1.2832670e-01   1.2850563e-01   1.2870560e-01   1.2863334e-01   1.2857553e-01
   1.2879763e-01   1.2886631e-01   1.2992978e-01   1.2963955e-01   1.2965311e-01   1.2977687e-01
   1.2914183e-01   1.2922705e-01   1.2931060e-01   1.2950469e-01   1.2939654e-01   1.2935383e-01
   1.2912803e-01   1.2921405e-01   1.2927857e-01   1.2948302e-01   1.2937316e-01   1.2932660e-01
   1.2886942e-01   1.2893928e-01   1.2988997e-01   1.2965451e-01   1.2965286e-01   1.2975812e-01
   1.2476619e-01   1.2490288e-01   1.2715130e-01   1.2654218e-01   1.2677357e-01   1.2697007e-01
   1.2911051e-01   1.2919740e-01   1.2924385e-01   1.2945836e-01   1.2934702e-01   1.2929667e-01
   1.2901948e-01   1.2910966e-01   1.2910993e-01   1.2935272e-01   1.2923894e-01   1.2917728e-01
   1.2664738e-01   1.2676903e-01   1.2779352e-01   1.2767064e-01   1.2772897e-01   1.2776703e-01
   1.2547006e-01   1.2560150e-01   1.2737653e-01   1.2695666e-01   1.2712228e-01   1.2725580e-01
   1.2773828e-01   1.2784899e-01   1.2825568e-01   1.2837159e-01   1.2833659e-01   1.2830225e-01
   1.2876449e-01   1.2886066e-01   1.2886345e-01   1.2911944e-01   1.2901321e-01   1.2894319e-01
   1.2880102e-01   1.2889648e-01   1.2889339e-01   1.2915023e-01   1.2904232e-01   1.2897253e-01
   1.2703359e-01   1.2715163e-01   1.2794596e-01   1.2791298e-01   1.2793732e-01   1.2794750e-01
   1.2907496e-01   1.2916330e-01   1.2918497e-01   1.2941392e-01   1.2930089e-01   1.2924492e-01
   1.2857378e-01   1.2867334e-01   1.2872275e-01   1.2896650e-01   1.2887065e-01   1.2880223e-01
   1.2914327e-01   1.2922072e-01   1.2961462e-01   1.2965110e-01   1.2957762e-01   1.2959049e-01
   1.2886136e-01   1.2893108e-01   1.2989474e-01   1.2965298e-01   1.2965307e-01   1.2976046e-01
   1.2913195e-01   1.2921776e-01   1.2928716e-01   1.2948893e-01   1.2937950e-01   1.2933394e-01
   1.2832929e-01   1.2843257e-01   1.2856769e-01   1.2878309e-01   1.2870320e-01   1.2864140e-01
   1.2698525e-01   1.2710375e-01   1.2792633e-01   1.2788236e-01   1.2791090e-01   1.2792446e-01
   1.2870519e-01   1.2880248e-01   1.2881719e-01   1.2907064e-01   1.2896736e-01   1.2889739e-01
   1.2912774e-01   1.2920435e-01   1.2964612e-01   1.2965899e-01   1.2959138e-01   1.2961236e-01
   1.2829883e-01   1.2840253e-01   1.2854976e-01   1.2876094e-01   1.2868318e-01   1.2862246e-01
   1.2889953e-01   1.2899285e-01   1.2898117e-01   1.2923670e-01   1.2912506e-01   1.2905716e-01
   1.2898444e-01   1.2905657e-01   1.2981048e-01   1.2967070e-01   1.2964294e-01   1.2971586e-01
   1.2909435e-01   1.2916957e-01   1.2969806e-01   1.2966833e-01   1.2961155e-01   1.2964710e-01
   1.2903045e-01   1.2910372e-01   1.2977001e-01   1.2967292e-01   1.2963376e-01   1.2969221e-01
   1.2863965e-01   1.2873810e-01   1.2876886e-01   1.2901809e-01   1.2891839e-01   1.2884897e-01
   1.2750646e-01   1.2761971e-01   1.2814824e-01   1.2821784e-01   1.2820187e-01   1.2818109e-01
   1.2814768e-01   1.2825342e-01   1.2846436e-01   1.2865283e-01   1.2858601e-01   1.2853128e-01
   1.2791252e-01   1.2802119e-01   1.2834109e-01   1.2848954e-01   1.2844067e-01   1.2839702e-01
   1.2874268e-01   1.2883927e-01   1.2884612e-01   1.2910134e-01   1.2899616e-01   1.2892610e-01
   1.2860294e-01   1.2870202e-01   1.2874289e-01   1.2898920e-01   1.2889162e-01   1.2882271e-01
   1.2917405e-01   1.2925536e-01   1.2946544e-01   1.2959378e-01   1.2949875e-01   1.2947968e-01
   1.2563948e-01   1.2576960e-01   1.2743306e-01   1.2705761e-01   1.2720754e-01   1.2732650e-01
   1.2889236e-01   1.2896262e-01   1.2987592e-01   1.2965863e-01   1.2965197e-01   1.2975110e-01
   1.2800626e-01   1.2811379e-01   1.2838901e-01   1.2855401e-01   1.2849786e-01   1.2844957e-01
   1.2693113e-01   1.2705015e-01   1.2790455e-01   1.2784819e-01   1.2788146e-01   1.2789883e-01
   1.2770330e-01   1.2781440e-01   1.2823905e-01   1.2834817e-01   1.2831600e-01   1.2828363e-01
   1.2611189e-01   1.2623818e-01   1.2759632e-01   1.2734199e-01   1.2744857e-01   1.2752831e-01
   1.2894212e-01   1.2903442e-01   1.2902333e-01   1.2927616e-01   1.2916337e-01   1.2909704e-01
   1.2916380e-01   1.2924282e-01   1.2955442e-01   1.2963173e-01   1.2954838e-01   1.2954714e-01
