   1.3301766e-01   1.7778957e-01   1.7780266e-01   1.7773675e-01   1.7774446e-01   1.7788487e-01   1.7798490e-01
   1.0412790e-01   1.2554286e-01   1.2557358e-01   1.2552863e-01   1.2553451e-01   1.2549092e-01   1.2548313e-01
   8.2456595e-02   9.4974474e-02   9.5606227e-02   9.5577157e-02   9.5607993e-02   9.5504337e-02   9.5530803e-02
   8.9094720e-02   1.0120152e-01   1.0123356e-01   1.0121254e-01   1.0119618e-01   1.0112961e-01   1.0114868e-01
   8.0324434e-02   8.8021859e-02   8.8533653e-02   8.8530965e-02   8.8488315e-02   8.8371581e-02   8.8487243e-02
   1.1079197e-01   1.3201554e-01   1.3241873e-01   1.3239436e-01   1.3235150e-01   1.3235789e-01   1.3234543e-01
   1.0699943e-01   1.2804170e-01   1.2808350e-01   1.2804774e-01   1.2803089e-01   1.2801112e-01   1.2798834e-01
   1.2425927e-01   1.7057375e-01   1.7236048e-01   1.7227115e-01   1.7244872e-01   1.7251514e-01   1.7229259e-01
   1.2017036e-01   1.4630021e-01   1.4700169e-01   1.4697840e-01   1.4691167e-01   1.4701008e-01   1.4700409e-01
   1.0775743e-01   1.3421950e-01   1.3467395e-01   1.3461171e-01   1.3464952e-01   1.3460502e-01   1.3459955e-01
