   6.7042363e+04   3.1049963e-01   1.8217493e+03
   6.5856289e+04   3.5268443e-01   1.7823001e+03
   6.4364459e+04   3.8463289e-01   1.1018326e+03
   6.5063329e+04   3.2933905e-01   1.4421887e+03
   6.2980532e+04   3.2415944e-01   1.1512352e+03
   6.0215781e+04   3.3622753e-01   1.4847039e+03
   6.1741819e+04   3.5154920e-01   1.9192050e+03
   6.4594592e+04   3.8140685e-01   1.3063294e+03
   6.6474229e+04   3.5807678e-01   1.9693589e+03
   6.9161127e+04   3.4373392e-01   1.3462879e+03
   6.9814515e+04   3.8840892e-01   1.2152477e+03
   6.0964073e+04   3.9401108e-01   1.6218792e+03
   6.7525131e+04   3.6891479e-01   1.9595935e+03
   6.6155468e+04   3.1575855e-01   1.5760368e+03
   6.3579223e+04   3.6695017e-01   1.0559373e+03
   6.2569709e+04   3.4539572e-01   1.4140233e+03
   6.3663062e+04   3.9946558e-01   1.1862912e+03
   6.7800110e+04   3.3344582e-01   1.2602680e+03
   6.9424390e+04   3.7846023e-01   1.0119290e+03
   6.0740377e+04   3.6093721e-01   1.8444879e+03
   6.8388688e+04   3.2138834e-01   1.7177977e+03
   6.5297332e+04   3.7447404e-01   1.3960655e+03
   6.8481558e+04   3.0679993e-01   1.7340087e+03
   6.1482578e+04   3.1863944e-01   1.6494372e+03
   6.2353917e+04   3.0032429e-01   1.5204816e+03
