   1.1540513e-01   1.4194706e-01   1.4195123e-01   1.4190070e-01   1.4191002e-01   1.4191743e-01   1.4189892e-01
   9.6446306e-02   1.1244640e-01   1.1244214e-01   1.1240231e-01   1.1240037e-01   1.1237219e-01   1.1233930e-01
   1.2958581e-01   1.7988763e-01   1.8132645e-01   1.8117308e-01   1.8128253e-01   1.8156762e-01   1.8154347e-01
   8.0111877e-02   8.8725299e-02   8.8737718e-02   8.8713210e-02   8.8716413e-02   8.8667767e-02   8.8636416e-02
   8.8562481e-02   9.9081582e-02   9.9382109e-02   9.9373486e-02   9.9388801e-02   9.9297175e-02   9.9277564e-02
   1.3098512e-01   1.6627024e-01   1.6658825e-01   1.6655240e-01   1.6662475e-01   1.6666625e-01   1.6670254e-01
   8.1577151e-02   9.2528903e-02   9.2817657e-02   9.2770963e-02   9.2763543e-02   9.2742546e-02   9.2722092e-02
   1.0521333e-01   1.3027645e-01   1.3111291e-01   1.3103730e-01   1.3101814e-01   1.3103611e-01   1.3104139e-01
   1.0840774e-01   1.3838065e-01   1.4017495e-01   1.4008745e-01   1.4008116e-01   1.4010451e-01   1.4014093e-01
   1.1766292e-01   1.4321356e-01   1.4346921e-01   1.4344830e-01   1.4348608e-01   1.4344150e-01   1.4344081e-01
   8.5704441e-02   9.8676031e-02   9.9090522e-02   9.9038861e-02   9.9028562e-02   9.9008919e-02   9.8992550e-02
   1.0442576e-01   1.2608249e-01   1.2620982e-01   1.2615245e-01   1.2614139e-01   1.2614429e-01   1.2612198e-01
   9.5520683e-02   1.1019162e-01   1.1020147e-01   1.1017216e-01   1.1017762e-01   1.1013000e-01   1.1009617e-01
   9.9782312e-02   1.1758973e-01   1.1759168e-01   1.1754885e-01   1.1754607e-01   1.1752358e-01   1.1749218e-01
   1.0521293e-01   1.2569171e-01   1.2568575e-01   1.2564235e-01   1.2564289e-01   1.2562418e-01   1.2559499e-01
   8.2069761e-02   9.2996388e-02   9.3204930e-02   9.3160017e-02   9.3153307e-02   9.3132094e-02   9.3108796e-02
   1.2683260e-01   1.6845479e-01   1.6885241e-01   1.6872592e-01   1.6874318e-01   1.6893729e-01   1.6892718e-01
   1.1278267e-01   1.3592048e-01   1.3605108e-01   1.3602384e-01   1.3604709e-01   1.3600517e-01   1.3598928e-01
   8.4326176e-02   9.3375734e-02   9.3680243e-02   9.3671657e-02   9.3684694e-02   9.3594490e-02   9.3576304e-02
   1.0928960e-01   1.3666266e-01   1.3731134e-01   1.3723199e-01   1.3721412e-01   1.3725055e-01   1.3725148e-01
   1.2641476e-01   1.5989262e-01   1.5997699e-01   1.5992212e-01   1.5996081e-01   1.6001157e-01   1.6001750e-01
   1.1076997e-01   1.3896510e-01   1.3953938e-01   1.3945864e-01   1.3944166e-01   1.3948518e-01   1.3948428e-01
   1.2178469e-01   1.4955606e-01   1.4993377e-01   1.4991840e-01   1.4997104e-01   1.4992817e-01   1.4994428e-01
   1.1022254e-01   1.3022330e-01   1.3068965e-01   1.3068838e-01   1.3072780e-01   1.3063119e-01   1.3063117e-01
   9.0034416e-02   1.0647032e-01   1.0756106e-01   1.0749740e-01   1.0748221e-01   1.0745701e-01   1.0746266e-01
   1.0050578e-01   1.2310260e-01   1.2420578e-01   1.2413313e-01   1.2411426e-01   1.2411268e-01   1.2412420e-01
   8.5393616e-02   1.0071204e-01   1.0265033e-01   1.0258308e-01   1.0257242e-01   1.0251860e-01   1.0254385e-01
   9.3173277e-02   1.1087836e-01   1.1176063e-01   1.1169696e-01   1.1168040e-01   1.1166413e-01   1.1166480e-01
   1.3112719e-01   1.6408095e-01   1.6488699e-01   1.6489494e-01   1.6499939e-01   1.6496360e-01   1.6504100e-01
   1.2984535e-01   1.6999624e-01   1.6998580e-01   1.6987890e-01   1.6990461e-01   1.7007748e-01   1.7006946e-01
   1.1661315e-01   1.5554287e-01   1.5797525e-01   1.5787173e-01   1.5791715e-01   1.5799642e-01   1.5804473e-01
   1.2377079e-01   1.5767268e-01   1.5766893e-01   1.5759069e-01   1.5760387e-01   1.5768821e-01   1.5767941e-01
   8.3260123e-02   9.6050232e-02   9.6917400e-02   9.6860511e-02   9.6849432e-02   9.6821293e-02   9.6818311e-02
   1.1107651e-01   1.3144793e-01   1.3194857e-01   1.3194907e-01   1.3199109e-01   1.3189234e-01   1.3189566e-01
   1.0079406e-01   1.2552465e-01   1.2756171e-01   1.2748316e-01   1.2747186e-01   1.2745360e-01   1.2749352e-01
   1.2718501e-01   1.7425561e-01   1.7563592e-01   1.7549377e-01   1.7556821e-01   1.7580294e-01   1.7579586e-01
   1.1274067e-01   1.3959745e-01   1.3968492e-01   1.3961828e-01   1.3961053e-01   1.3964152e-01   1.3962372e-01
   9.7525785e-02   1.1346006e-01   1.1345304e-01   1.1341920e-01   1.1342223e-01   1.1338331e-01   1.1334963e-01
   1.2183977e-01   1.5114720e-01   1.5129110e-01   1.5125331e-01   1.5128875e-01   1.5128833e-01   1.5128911e-01
   1.2300503e-01   1.6048378e-01   1.6084072e-01   1.6073195e-01   1.6073386e-01   1.6087199e-01   1.6086632e-01
   1.1221935e-01   1.3271840e-01   1.3338820e-01   1.3339807e-01   1.3344870e-01   1.3333412e-01   1.3335036e-01
   7.8989299e-02   8.7154327e-02   8.7182583e-02   8.7159821e-02   8.7163524e-02   8.7112115e-02   8.7081885e-02
   1.1826518e-01   1.5585657e-01   1.5726111e-01   1.5715250e-01   1.5716485e-01   1.5727165e-01   1.5729325e-01
   8.3489558e-02   9.4306378e-02   9.4346656e-02   9.4307803e-02   9.4304122e-02   9.4277697e-02   9.4247497e-02
   1.0947673e-01   1.3210030e-01   1.3210065e-01   1.3205771e-01   1.3206330e-01   1.3204754e-01   1.3202187e-01
   8.6050362e-02   9.7386790e-02   9.7376310e-02   9.7341802e-02   9.7340932e-02   9.7306758e-02   9.7273365e-02
   9.5828023e-02   1.1016849e-01   1.1023572e-01   1.1021252e-01   1.1022249e-01   1.1016225e-01   1.1013061e-01
   1.1815806e-01   1.5632794e-01   1.5794481e-01   1.5783587e-01   1.5785541e-01   1.5796031e-01   1.5798700e-01
   8.8124997e-02   1.0450152e-01   1.0617823e-01   1.0611103e-01   1.0609794e-01   1.0605565e-01   1.0607633e-01
   1.2370149e-01   1.5792588e-01   1.5793001e-01   1.5784824e-01   1.5785917e-01   1.5795000e-01   1.5794063e-01
   1.0876767e-01   1.4016001e-01   1.4245322e-01   1.4236449e-01   1.4237017e-01   1.4238667e-01   1.4243738e-01
   9.3850684e-02   1.0813290e-01   1.0812148e-01   1.0808821e-01   1.0809017e-01   1.0805053e-01   1.0801609e-01
   8.6876777e-02   9.8087088e-02   9.8079395e-02   9.8050214e-02   9.8052760e-02   9.8008302e-02   9.7974196e-02
   9.0710440e-02   1.0238593e-01   1.0256415e-01   1.0254939e-01   1.0256230e-01   1.0248446e-01   1.0245787e-01
   1.1912515e-01   1.4526219e-01   1.4559416e-01   1.4557802e-01   1.4562299e-01   1.4557320e-01   1.4558024e-01
   7.3845474e-02   8.2448467e-02   8.2969314e-02   8.2922808e-02   8.2917142e-02   8.2892396e-02   8.2879830e-02
   1.0662227e-01   1.3121164e-01   1.3163444e-01   1.3156405e-01   1.3154668e-01   1.3156796e-01   1.3155923e-01
   1.1637831e-01   1.4511319e-01   1.4514024e-01   1.4507329e-01   1.4507244e-01   1.4511225e-01   1.4509558e-01
   1.1715331e-01   1.5099912e-01   1.5167876e-01   1.5158088e-01   1.5157234e-01   1.5166293e-01   1.5166690e-01
   1.3710612e-01   1.8336921e-01   1.8328180e-01   1.8315423e-01   1.8321679e-01   1.8349673e-01   1.8348686e-01
   9.5188084e-02   1.1126181e-01   1.1132218e-01   1.1127630e-01   1.1126950e-01   1.1125032e-01   1.1122089e-01
   9.4322056e-02   1.0752834e-01   1.0769247e-01   1.0767650e-01   1.0769058e-01   1.0761482e-01   1.0758750e-01
   1.2529009e-01   1.6281542e-01   1.6292135e-01   1.6281797e-01   1.6282600e-01   1.6296569e-01   1.6295621e-01
   1.2909054e-01   1.6159451e-01   1.6213200e-01   1.6212041e-01   1.6220163e-01   1.6218641e-01   1.6223480e-01
   1.0379990e-01   1.2035593e-01   1.2083474e-01   1.2083507e-01   1.2086762e-01   1.2076040e-01   1.2075461e-01
   8.4246468e-02   9.6231104e-02   9.6504443e-02   9.6456677e-02   9.6448397e-02   9.6428214e-02   9.6406995e-02
   1.1151611e-01   1.3817396e-01   1.3834282e-01   1.3827323e-01   1.3826165e-01   1.3829445e-01   1.3827901e-01
   9.4198237e-02   1.0742578e-01   1.0757140e-01   1.0755429e-01   1.0756756e-01   1.0749432e-01   1.0746606e-01
   1.1347600e-01   1.3803906e-01   1.3807174e-01   1.3803141e-01   1.3804524e-01   1.3802981e-01   1.3801003e-01
   9.6778940e-02   1.1441307e-01   1.1460716e-01   1.1455396e-01   1.1454239e-01   1.1453221e-01   1.1450936e-01
   9.7772249e-02   1.1527626e-01   1.1535150e-01   1.1530298e-01   1.1529501e-01   1.1528028e-01   1.1525229e-01
   1.2054199e-01   1.4697108e-01   1.4744904e-01   1.4744273e-01   1.4749890e-01   1.4743511e-01   1.4745501e-01
   1.0109219e-01   1.1700617e-01   1.1727114e-01   1.1726013e-01   1.1728226e-01   1.1719694e-01   1.1717688e-01
   1.2618858e-01   1.5494465e-01   1.5586854e-01   1.5588931e-01   1.5598306e-01   1.5589510e-01   1.5596437e-01
   9.3523319e-02   1.0744759e-01   1.0744488e-01   1.0741428e-01   1.0741799e-01   1.0737334e-01   1.0733893e-01
   1.1233748e-01   1.3703509e-01   1.3703356e-01   1.3698479e-01   1.3698985e-01   1.3698869e-01   1.3696615e-01
   7.5797448e-02   8.2566148e-02   8.2746589e-02   8.2733014e-02   8.2739665e-02   8.2668795e-02   8.2647568e-02
   1.2154160e-01   1.5686310e-01   1.5710893e-01   1.5701021e-01   1.5700804e-01   1.5712126e-01   1.5711388e-01
   1.2382962e-01   1.5141219e-01   1.5218535e-01   1.5219727e-01   1.5227665e-01   1.5219265e-01   1.5224266e-01
   1.3766053e-01   1.7668092e-01   1.7736712e-01   1.7735546e-01   1.7748203e-01   1.7754084e-01   1.7763221e-01
   8.4153995e-02   9.8097420e-02   9.9456299e-02   9.9393993e-02   9.9382326e-02   9.9343084e-02   9.9353363e-02
   1.1631203e-01   1.5350380e-01   1.5539569e-01   1.5529162e-01   1.5531258e-01   1.5539609e-01   1.5543191e-01
   1.0685023e-01   1.2475880e-01   1.2530740e-01   1.2531123e-01   1.2534972e-01   1.2523858e-01   1.2523987e-01
   1.0819967e-01   1.3038206e-01   1.3037747e-01   1.3033215e-01   1.3033422e-01   1.3032154e-01   1.3029473e-01
   8.9208152e-02   1.0465520e-01   1.0544985e-01   1.0539007e-01   1.0537582e-01   1.0535496e-01   1.0535142e-01
   8.0402560e-02   8.8758549e-02   8.8846564e-02   8.8827739e-02   8.8833860e-02   8.8771808e-02   8.8743645e-02
   1.1838763e-01   1.5380838e-01   1.5459714e-01   1.5449378e-01   1.5448981e-01   1.5459388e-01   1.5460039e-01
   7.9720288e-02   9.0333099e-02   9.0795057e-02   9.0745973e-02   9.0738082e-02   9.0715322e-02   9.0700507e-02
   9.4424650e-02   1.1069811e-01   1.1086279e-01   1.1081234e-01   1.1080223e-01   1.1078785e-01   1.1076308e-01
   1.0883603e-01   1.2748208e-01   1.2814366e-01   1.2815330e-01   1.2819848e-01   1.2807864e-01   1.2808962e-01
   1.3390268e-01   1.7325880e-01   1.7338570e-01   1.7331920e-01   1.7338701e-01   1.7350963e-01   1.7353511e-01
   1.0387650e-01   1.2890605e-01   1.3007140e-01   1.2999416e-01   1.2997587e-01   1.2998570e-01   1.3000109e-01
   1.3457772e-01   1.8276654e-01   1.8288521e-01   1.8272952e-01   1.8278378e-01   1.8310215e-01   1.8306920e-01
   8.7762358e-02   9.8933662e-02   9.8966803e-02   9.8942632e-02   9.8948511e-02   9.8893110e-02   9.8860192e-02
   1.0122795e-01   1.2152121e-01   1.2174851e-01   1.2169028e-01   1.2167671e-01   1.2167627e-01   1.2165665e-01
   1.1519676e-01   1.3963586e-01   1.3980431e-01   1.3977824e-01   1.3980676e-01   1.3976672e-01   1.3975654e-01
   7.7725922e-02   8.6645381e-02   8.6722172e-02   8.6683943e-02   8.6680297e-02   8.6656382e-02   8.6629300e-02
   1.1119227e-01   1.4408804e-01   1.4612898e-01   1.4603618e-01   1.4604216e-01   1.4607991e-01   1.4612333e-01
   9.4770687e-02   1.1321188e-01   1.1402669e-01   1.1396259e-01   1.1394546e-01   1.1393309e-01   1.1393228e-01
   1.2483854e-01   1.5585975e-01   1.5607635e-01   1.5604149e-01   1.5608892e-01   1.5609439e-01   1.5610680e-01
