   6.0060368e+04   3.8814952e-01   1.5738874e+03
   6.5258455e+04   3.0018991e-01   1.0292383e+03
   6.1469480e+04   3.3768226e-01   1.3997487e+03
   6.5352152e+04   3.5727723e-01   1.0686637e+03
   6.8869552e+04   3.7115180e-01   1.8385205e+03
   6.4669737e+04   3.9593838e-01   1.4752389e+03
   6.1616977e+04   3.7633656e-01   1.1158914e+03
   6.3850227e+04   3.9917706e-01   1.6922066e+03
   6.2338253e+04   3.6189564e-01   1.6741072e+03
   6.9932610e+04   3.1890627e-01   1.3278073e+03
   6.9180222e+04   3.0340243e-01   1.5211168e+03
   6.7158654e+04   3.9235564e-01   1.7608274e+03
   6.2640516e+04   3.1192893e-01   1.5135531e+03
   6.5761363e+04   3.5004329e-01   1.8961133e+03
   6.7838975e+04   3.6988657e-01   1.4505710e+03
   6.0698384e+04   3.4699569e-01   1.7838805e+03
   6.7748319e+04   3.4036922e-01   1.0515306e+03
   6.4545955e+04   3.6714812e-01   1.0182208e+03
   6.1306243e+04   3.2655387e-01   1.6108736e+03
   6.0806058e+04   3.3912581e-01   1.8783744e+03
   6.8958241e+04   3.7918081e-01   1.6086874e+03
   6.4770681e+04   3.5582260e-01   1.9272357e+03
   6.8799389e+04   3.9788616e-01   1.4165365e+03
   6.4164916e+04   3.8954660e-01   1.3791157e+03
   6.5549865e+04   3.9106739e-01   1.7480795e+03
   6.0791505e+04   3.5235140e-01   1.1267381e+03
   6.7982353e+04   3.0196957e-01   1.9822859e+03
   6.1135768e+04   3.3000529e-01   1.3009259e+03
   6.0907075e+04   3.8142850e-01   1.1364835e+03
   6.6016402e+04   3.1918471e-01   1.7761168e+03
   6.9766031e+04   3.7868419e-01   1.1584123e+03
   6.4397289e+04   3.6388731e-01   1.8415306e+03
   6.5177007e+04   3.1394139e-01   1.7978691e+03
   6.8135744e+04   3.9612111e-01   1.0799950e+03
   6.6345583e+04   3.2292346e-01   1.9603845e+03
   6.4871909e+04   3.4749494e-01   1.6802387e+03
   6.4963579e+04   3.0282895e-01   1.3420719e+03
   6.3340358e+04   3.5490900e-01   1.2981521e+03
   6.6916763e+04   3.3891731e-01   1.5585096e+03
   6.1028256e+04   3.2174552e-01   1.5974143e+03
   6.5686771e+04   3.8740903e-01   1.1938381e+03
   6.9277638e+04   3.7372164e-01   1.6305563e+03
   6.3278325e+04   3.6476684e-01   1.4854633e+03
   6.2874270e+04   3.2979426e-01   1.1071800e+03
   6.6210996e+04   3.0568318e-01   1.1498821e+03
   6.7526482e+04   3.0705916e-01   1.2489662e+03
   6.6848969e+04   3.6563281e-01   1.3513180e+03
   6.9453566e+04   3.4896382e-01   1.8085385e+03
   6.2997112e+04   3.4170751e-01   1.3829885e+03
   6.4257505e+04   3.5115053e-01   1.5835317e+03
   6.3173824e+04   3.7452650e-01   1.6579189e+03
   6.2163252e+04   3.7248728e-01   1.4061642e+03
   6.3983060e+04   3.1478567e-01   1.9920620e+03
   6.9626708e+04   3.4407626e-01   1.7122707e+03
   6.1768512e+04   3.0683449e-01   1.6421829e+03
   6.6634358e+04   3.8071390e-01   1.4449018e+03
   6.1533720e+04   3.8299599e-01   1.2074305e+03
   6.2247410e+04   3.8456375e-01   1.2540017e+03
   6.8242925e+04   3.6061552e-01   1.0343544e+03
   6.2022457e+04   3.6600796e-01   1.8164554e+03
   6.3706251e+04   3.3373706e-01   1.1683894e+03
   6.2703686e+04   3.7079444e-01   1.2147666e+03
   6.8698616e+04   3.2790523e-01   1.0484516e+03
   6.0296272e+04   3.1586106e-01   1.8209495e+03
   6.7004540e+04   3.7707054e-01   1.2329949e+03
   6.1962653e+04   3.9819062e-01   1.2606609e+03
   6.7641575e+04   3.6212909e-01   1.7347376e+03
   6.0442407e+04   3.0413802e-01   1.7072526e+03
   6.9858753e+04   3.7577569e-01   1.2776941e+03
   6.4047019e+04   3.8531262e-01   1.4668841e+03
   6.8462933e+04   3.0870019e-01   1.6263433e+03
   6.2516096e+04   3.8623095e-01   1.5300545e+03
   6.0142201e+04   3.8317047e-01   1.9384703e+03
   6.6188093e+04   3.2520738e-01   1.9016761e+03
   6.0328200e+04   3.3438975e-01   1.7272625e+03
   6.6591250e+04   3.1285663e-01   1.0808731e+03
   6.6773214e+04   3.9307845e-01   1.3652830e+03
   6.8090018e+04   3.2057686e-01   1.1701389e+03
   6.5460267e+04   3.4587135e-01   1.0991272e+03
   6.5034960e+04   3.3592661e-01   1.3339629e+03
   6.3005634e+04   3.5843001e-01   1.9796167e+03
   6.2475018e+04   3.4986192e-01   1.4970614e+03
   6.8568955e+04   3.1687931e-01   1.2251468e+03
   6.1838695e+04   3.4261993e-01   1.7583134e+03
   6.1229782e+04   3.4300477e-01   1.9539107e+03
   6.5971236e+04   3.3664919e-01   1.5449535e+03
   6.7481291e+04   3.5609247e-01   1.9421435e+03
   6.3647150e+04   3.0953041e-01   1.9185908e+03
   6.7372157e+04   3.2373563e-01   1.5665575e+03
   6.3455114e+04   3.3174571e-01   1.4385467e+03
   6.8396061e+04   3.2484041e-01   1.6651158e+03
   6.7206239e+04   3.1743994e-01   1.3153015e+03
   6.3588191e+04   3.6880621e-01   1.4215945e+03
   6.0547601e+04   3.2890153e-01   1.8546740e+03
   6.6421735e+04   3.5369973e-01   1.2818267e+03
   6.9067447e+04   3.1076869e-01   1.1824547e+03
   6.9538113e+04   3.9039412e-01   1.8896097e+03
   6.4492444e+04   3.3252179e-01   1.0089563e+03
   6.9396087e+04   3.5907105e-01   1.8670989e+03
   6.5892556e+04   3.9456812e-01   1.5045530e+03
