   6.5000000e+04   3.8341682e-01   1.5000000e+03
   6.5000000e+04   3.2624537e-01   1.5000000e+03
   6.5000000e+04   3.0617896e-01   1.5000000e+03
   6.5000000e+04   3.5072745e-01   1.5000000e+03
   6.5000000e+04   3.2029794e-01   1.5000000e+03
   6.5000000e+04   3.6511394e-01   1.5000000e+03
   6.5000000e+04   3.6945375e-01   1.5000000e+03
   6.5000000e+04   3.7621680e-01   1.5000000e+03
   6.5000000e+04   3.8507869e-01   1.5000000e+03
   6.5000000e+04   3.1391229e-01   1.5000000e+03
   6.5000000e+04   3.7341103e-01   1.5000000e+03
   6.5000000e+04   3.9705597e-01   1.5000000e+03
   6.5000000e+04   3.9251596e-01   1.5000000e+03
   6.5000000e+04   3.5253162e-01   1.5000000e+03
   6.5000000e+04   3.4308454e-01   1.5000000e+03
   6.5000000e+04   3.9079581e-01   1.5000000e+03
   6.5000000e+04   3.5836038e-01   1.5000000e+03
   6.5000000e+04   3.3923068e-01   1.5000000e+03
   6.5000000e+04   3.4722180e-01   1.5000000e+03
   6.5000000e+04   3.1140143e-01   1.5000000e+03
   6.5000000e+04   3.6057919e-01   1.5000000e+03
   6.5000000e+04   3.1627728e-01   1.5000000e+03
   6.5000000e+04   3.3288173e-01   1.5000000e+03
   6.5000000e+04   3.3136682e-01   1.5000000e+03
   6.5000000e+04   3.0108334e-01   1.5000000e+03
