   1.0023234e-01   1.2512632e-01   1.2731123e-01   1.2725873e-01   1.2728839e-01   1.2728245e-01
   1.0943131e-01   1.2951353e-01   1.2987230e-01   1.2987476e-01   1.2986903e-01   1.2986607e-01
   1.0796890e-01   1.2952393e-01   1.2953245e-01   1.2951003e-01   1.2950431e-01   1.2951096e-01
   1.1008923e-01   1.2919294e-01   1.2998388e-01   1.3000521e-01   1.3000714e-01   1.2999493e-01
   1.0654038e-01   1.2910577e-01   1.2915446e-01   1.2911916e-01   1.2911947e-01   1.2912684e-01
   1.0609772e-01   1.2892324e-01   1.2903257e-01   1.2899462e-01   1.2899712e-01   1.2900371e-01
   1.0934468e-01   1.2953472e-01   1.2985470e-01   1.2985515e-01   1.2984899e-01   1.2984697e-01
   1.0971224e-01   1.2941651e-01   1.2992559e-01   1.2993521e-01   1.2993160e-01   1.2992518e-01
   1.0167954e-01   1.2624734e-01   1.2774989e-01   1.2770017e-01   1.2772382e-01   1.2771787e-01
   1.0291966e-01   1.2712496e-01   1.2811935e-01   1.2807167e-01   1.2808981e-01   1.2808649e-01
   1.0409272e-01   1.2787352e-01   1.2846277e-01   1.2841745e-01   1.2843002e-01   1.2843045e-01
   1.0983393e-01   1.2935825e-01   1.2994642e-01   1.2995952e-01   1.2995728e-01   1.2994914e-01
   1.1003531e-01   1.2923361e-01   1.2997682e-01   1.2999629e-01   1.2999716e-01   1.2998586e-01
   1.0372897e-01   1.2765067e-01   1.2835696e-01   1.2831082e-01   1.2832515e-01   1.2832435e-01
   1.0930560e-01   1.2954310e-01   1.2984660e-01   1.2984618e-01   1.2983986e-01   1.2983824e-01
   1.0249562e-01   1.2683420e-01   1.2799372e-01   1.2794533e-01   1.2796539e-01   1.2796097e-01
   1.0216907e-01   1.2660355e-01   1.2789647e-01   1.2784755e-01   1.2786907e-01   1.2786392e-01
   1.0973529e-01   1.2940632e-01   1.2992965e-01   1.2993992e-01   1.2993654e-01   1.2992980e-01
   1.0330814e-01   1.2738227e-01   1.2823377e-01   1.2818679e-01   1.2820312e-01   1.2820096e-01
   1.0761111e-01   1.2944814e-01   1.2944055e-01   1.2941413e-01   1.2940967e-01   1.2941710e-01
   1.0949716e-01   1.2949489e-01   1.2988535e-01   1.2988939e-01   1.2988405e-01   1.2988033e-01
   1.0416754e-01   1.2791825e-01   1.2848446e-01   1.2843932e-01   1.2845152e-01   1.2845221e-01
   1.0956740e-01   1.2947238e-01   1.2989891e-01   1.2990471e-01   1.2989985e-01   1.2989529e-01
   1.0686608e-01   1.2922594e-01   1.2924294e-01   1.2920992e-01   1.2920868e-01   1.2921638e-01
   1.0438395e-01   1.2804547e-01   1.2854701e-01   1.2850243e-01   1.2851357e-01   1.2851500e-01
   1.0177538e-01   1.2631803e-01   1.2777866e-01   1.2772910e-01   1.2775233e-01   1.2774651e-01
   1.0198105e-01   1.2646819e-01   1.2784028e-01   1.2779105e-01   1.2781340e-01   1.2780791e-01
   1.0818091e-01   1.2955754e-01   1.2958575e-01   1.2956600e-01   1.2955967e-01   1.2956563e-01
   1.0276030e-01   1.2701687e-01   1.2807222e-01   1.2802427e-01   1.2804314e-01   1.2803938e-01
   1.0597280e-01   1.2886804e-01   1.2899787e-01   1.2895925e-01   1.2896239e-01   1.2896869e-01
   1.0562444e-01   1.2870613e-01   1.2890044e-01   1.2886016e-01   1.2886506e-01   1.2887047e-01
   1.0622225e-01   1.2897670e-01   1.2906704e-01   1.2902978e-01   1.2903166e-01   1.2903850e-01
   1.0994520e-01   1.2929427e-01   1.2996393e-01   1.2998045e-01   1.2997977e-01   1.2996994e-01
   1.0542032e-01   1.2860611e-01   1.2884295e-01   1.2880181e-01   1.2880773e-01   1.2881256e-01
   1.0111743e-01   1.2582357e-01   1.2758044e-01   1.2752974e-01   1.2755577e-01   1.2754936e-01
   1.0270521e-01   1.2697917e-01   1.2805590e-01   1.2800786e-01   1.2802698e-01   1.2802308e-01
   1.0758466e-01   1.2944167e-01   1.2943367e-01   1.2940698e-01   1.2940262e-01   1.2941009e-01
   1.0824617e-01   1.2956602e-01   1.2960196e-01   1.2958308e-01   1.2957659e-01   1.2958229e-01
   1.0964299e-01   1.2944491e-01   1.2991307e-01   1.2992082e-01   1.2991657e-01   1.2991106e-01
   1.0451617e-01   1.2812157e-01   1.2858512e-01   1.2854089e-01   1.2855138e-01   1.2855326e-01
   1.0833074e-01   1.2957562e-01   1.2962282e-01   1.2960511e-01   1.2959842e-01   1.2960377e-01
   1.0999787e-01   1.2925986e-01   1.2997162e-01   1.2998984e-01   1.2999003e-01   1.2997936e-01
   1.0494435e-01   1.2835909e-01   1.2870783e-01   1.2866492e-01   1.2867326e-01   1.2867659e-01
   1.0534720e-01   1.2856939e-01   1.2882229e-01   1.2878085e-01   1.2878715e-01   1.2879176e-01
   1.0659137e-01   1.2912542e-01   1.2916838e-01   1.2913342e-01   1.2913348e-01   1.2914092e-01
   1.0389740e-01   1.2775495e-01   1.2840604e-01   1.2836026e-01   1.2837378e-01   1.2837355e-01
   1.0311262e-01   1.2725388e-01   1.2817626e-01   1.2812893e-01   1.2814617e-01   1.2814341e-01
   1.0043451e-01   1.2528870e-01   1.2737298e-01   1.2732093e-01   1.2734977e-01   1.2734358e-01
   1.0772850e-01   1.2947548e-01   1.2947095e-01   1.2944578e-01   1.2944088e-01   1.2944810e-01
   1.0896234e-01   1.2958957e-01   1.2977203e-01   1.2976460e-01   1.2975746e-01   1.2975895e-01
   1.0952013e-01   1.2948783e-01   1.2988983e-01   1.2989443e-01   1.2988924e-01   1.2988526e-01
   1.0737119e-01   1.2938537e-01   1.2937773e-01   1.2934896e-01   1.2934547e-01   1.2935316e-01
   1.0359126e-01   1.2756406e-01   1.2831674e-01   1.2827031e-01   1.2828530e-01   1.2828404e-01
   1.0519941e-01   1.2849379e-01   1.2878042e-01   1.2873841e-01   1.2874546e-01   1.2874961e-01
   1.0846561e-01   1.2958751e-01   1.2965570e-01   1.2963995e-01   1.2963301e-01   1.2963771e-01
   1.0784667e-01   1.2950060e-01   1.2950132e-01   1.2947746e-01   1.2947214e-01   1.2947911e-01
   1.0915311e-01   1.2956945e-01   1.2981419e-01   1.2981051e-01   1.2980370e-01   1.2980356e-01
   1.0805518e-01   1.2953870e-01   1.2955426e-01   1.2953289e-01   1.2952691e-01   1.2953330e-01
   1.0882679e-01   1.2959622e-01   1.2974113e-01   1.2973124e-01   1.2972402e-01   1.2972653e-01
   1.0779581e-01   1.2949009e-01   1.2948828e-01   1.2946385e-01   1.2945870e-01   1.2946579e-01
   1.0901699e-01   1.2958515e-01   1.2978427e-01   1.2977789e-01   1.2977081e-01   1.2977186e-01
   1.0716291e-01   1.2932387e-01   1.2932254e-01   1.2929191e-01   1.2928931e-01   1.2929710e-01
   1.0987295e-01   1.2933707e-01   1.2995274e-01   1.2996702e-01   1.2996528e-01   1.2995656e-01
   1.0877238e-01   1.2959726e-01   1.2972854e-01   1.2971770e-01   1.2971048e-01   1.2971336e-01
   1.0689720e-01   1.2923675e-01   1.2925133e-01   1.2921855e-01   1.2921717e-01   1.2922489e-01
   1.0749570e-01   1.2941907e-01   1.2941044e-01   1.2938286e-01   1.2937885e-01   1.2938643e-01
   1.1006502e-01   1.2921164e-01   1.2998077e-01   1.3000126e-01   1.3000270e-01   1.2999091e-01
   1.0918503e-01   1.2956473e-01   1.2982108e-01   1.2981806e-01   1.2981133e-01   1.2981090e-01
   1.0559031e-01   1.2868967e-01   1.2889085e-01   1.2885042e-01   1.2885549e-01   1.2886081e-01
   1.0639500e-01   1.2904816e-01   1.2911463e-01   1.2907840e-01   1.2907942e-01   1.2908657e-01
   1.0909800e-01   1.2957664e-01   1.2980218e-01   1.2979738e-01   1.2979045e-01   1.2979081e-01
   1.0806744e-01   1.2954068e-01   1.2955735e-01   1.2953613e-01   1.2953012e-01   1.2953647e-01
   1.0587506e-01   1.2882377e-01   1.2897062e-01   1.2893152e-01   1.2893514e-01   1.2894121e-01
   1.0673719e-01   1.2917991e-01   1.2920806e-01   1.2917410e-01   1.2917347e-01   1.2918107e-01
   1.0338958e-01   1.2743507e-01   1.2825767e-01   1.2821085e-01   1.2822680e-01   1.2822489e-01
   1.0978689e-01   1.2938211e-01   1.2993855e-01   1.2995029e-01   1.2994748e-01   1.2994001e-01
   1.0134972e-01   1.2600054e-01   1.2765061e-01   1.2760033e-01   1.2762538e-01   1.2761909e-01
   1.0923932e-01   1.2955576e-01   1.2983267e-01   1.2983080e-01   1.2982424e-01   1.2982329e-01
   1.0487758e-01   1.2832297e-01   1.2868876e-01   1.2864563e-01   1.2865431e-01   1.2865742e-01
   1.0071095e-01   1.2550777e-01   1.2745717e-01   1.2740569e-01   1.2743340e-01   1.2742701e-01
   1.0705427e-01   1.2928939e-01   1.2929353e-01   1.2926199e-01   1.2925988e-01   1.2926766e-01
   1.0708995e-01   1.2930089e-01   1.2930307e-01   1.2927183e-01   1.2926956e-01   1.2927734e-01
   1.0629485e-01   1.2900712e-01   1.2908707e-01   1.2905023e-01   1.2905176e-01   1.2905873e-01
   1.0148459e-01   1.2610211e-01   1.2769126e-01   1.2764121e-01   1.2766569e-01   1.2765952e-01
   1.0856373e-01   1.2959336e-01   1.2967931e-01   1.2966506e-01   1.2965798e-01   1.2966216e-01
   1.0229557e-01   1.2669358e-01   1.2793419e-01   1.2788547e-01   1.2790643e-01   1.2790155e-01
   1.0887705e-01   1.2959444e-01   1.2975267e-01   1.2974368e-01   1.2973647e-01   1.2973861e-01
   1.0427355e-01   1.2798099e-01   1.2851513e-01   1.2847026e-01   1.2848194e-01   1.2848299e-01
   1.0841645e-01   1.2958367e-01   1.2964377e-01   1.2962729e-01   1.2962044e-01   1.2962538e-01
   1.0871846e-01   1.2959743e-01   1.2971595e-01   1.2970420e-01   1.2969700e-01   1.2970024e-01
   1.0937922e-01   1.2952671e-01   1.2986178e-01   1.2986301e-01   1.2985702e-01   1.2985463e-01
   1.0086877e-01   1.2563129e-01   1.2750510e-01   1.2745394e-01   1.2748100e-01   1.2747456e-01
   1.0991476e-01   1.2931289e-01   1.2995930e-01   1.2997487e-01   1.2997373e-01   1.2996437e-01
   1.0474057e-01   1.2824778e-01   1.2864956e-01   1.2860600e-01   1.2861536e-01   1.2861801e-01
   1.0850735e-01   1.2959029e-01   1.2966578e-01   1.2965065e-01   1.2964366e-01   1.2964814e-01
   1.0509863e-01   1.2844119e-01   1.2875178e-01   1.2870941e-01   1.2871697e-01   1.2872080e-01
   1.0584934e-01   1.2881197e-01   1.2896344e-01   1.2892421e-01   1.2892797e-01   1.2893397e-01
   1.0964915e-01   1.2944251e-01   1.2991420e-01   1.2992212e-01   1.2991792e-01   1.2991233e-01
   1.0728927e-01   1.2936193e-01   1.2935610e-01   1.2932657e-01   1.2932343e-01   1.2933117e-01
   1.0865545e-01   1.2959656e-01   1.2970112e-01   1.2968833e-01   1.2968117e-01   1.2968480e-01
