   6.5000000e+04   3.9989647e-01   1.5000000e+03
   6.5000000e+04   3.1667931e-01   1.5000000e+03
   6.5000000e+04   3.4027009e-01   1.5000000e+03
   6.5000000e+04   3.0063411e-01   1.5000000e+03
   6.5000000e+04   3.5648981e-01   1.5000000e+03
   6.5000000e+04   3.6074116e-01   1.5000000e+03
   6.5000000e+04   3.1842292e-01   1.5000000e+03
   6.5000000e+04   3.1053245e-01   1.5000000e+03
   6.5000000e+04   3.9226892e-01   1.5000000e+03
   6.5000000e+04   3.8489507e-01   1.5000000e+03
   6.5000000e+04   3.7702028e-01   1.5000000e+03
   6.5000000e+04   3.0758462e-01   1.5000000e+03
   6.5000000e+04   3.0220516e-01   1.5000000e+03
   6.5000000e+04   3.7956914e-01   1.5000000e+03
   6.5000000e+04   3.1918936e-01   1.5000000e+03
   6.5000000e+04   3.8751529e-01   1.5000000e+03
   6.5000000e+04   3.8946102e-01   1.5000000e+03
   6.5000000e+04   3.0998905e-01   1.5000000e+03
   6.5000000e+04   3.8239475e-01   1.5000000e+03
   6.5000000e+04   3.4477032e-01   1.5000000e+03
   6.5000000e+04   3.1530993e-01   1.5000000e+03
   6.5000000e+04   3.7648300e-01   1.5000000e+03
   6.5000000e+04   3.1380365e-01   1.5000000e+03
   6.5000000e+04   3.5316099e-01   1.5000000e+03
   6.5000000e+04   3.7490253e-01   1.5000000e+03
   6.5000000e+04   3.9172909e-01   1.5000000e+03
   6.5000000e+04   3.9055450e-01   1.5000000e+03
   6.5000000e+04   3.3742615e-01   1.5000000e+03
   6.5000000e+04   3.8589266e-01   1.5000000e+03
   6.5000000e+04   3.6188955e-01   1.5000000e+03
   6.5000000e+04   3.6498402e-01   1.5000000e+03
   6.5000000e+04   3.5957459e-01   1.5000000e+03
   6.5000000e+04   3.0469952e-01   1.5000000e+03
   6.5000000e+04   3.6672802e-01   1.5000000e+03
   6.5000000e+04   3.9534427e-01   1.5000000e+03
   6.5000000e+04   3.8623390e-01   1.5000000e+03
   6.5000000e+04   3.4508946e-01   1.5000000e+03
   6.5000000e+04   3.3652099e-01   1.5000000e+03
   6.5000000e+04   3.1212599e-01   1.5000000e+03
   6.5000000e+04   3.7391693e-01   1.5000000e+03
   6.5000000e+04   3.3532587e-01   1.5000000e+03
   6.5000000e+04   3.0326012e-01   1.5000000e+03
   6.5000000e+04   3.7061502e-01   1.5000000e+03
   6.5000000e+04   3.6734107e-01   1.5000000e+03
   6.5000000e+04   3.5598055e-01   1.5000000e+03
   6.5000000e+04   3.7840171e-01   1.5000000e+03
   6.5000000e+04   3.8366557e-01   1.5000000e+03
   6.5000000e+04   3.9888595e-01   1.5000000e+03
   6.5000000e+04   3.4333203e-01   1.5000000e+03
   6.5000000e+04   3.2545695e-01   1.5000000e+03
   6.5000000e+04   3.1482261e-01   1.5000000e+03
   6.5000000e+04   3.4760407e-01   1.5000000e+03
   6.5000000e+04   3.8050784e-01   1.5000000e+03
   6.5000000e+04   3.6856212e-01   1.5000000e+03
   6.5000000e+04   3.3336463e-01   1.5000000e+03
   6.5000000e+04   3.4184727e-01   1.5000000e+03
   6.5000000e+04   3.2207069e-01   1.5000000e+03
   6.5000000e+04   3.3912983e-01   1.5000000e+03
   6.5000000e+04   3.2773441e-01   1.5000000e+03
   6.5000000e+04   3.4249095e-01   1.5000000e+03
   6.5000000e+04   3.2450955e-01   1.5000000e+03
   6.5000000e+04   3.4995847e-01   1.5000000e+03
   6.5000000e+04   3.0659534e-01   1.5000000e+03
   6.5000000e+04   3.2862153e-01   1.5000000e+03
   6.5000000e+04   3.5283311e-01   1.5000000e+03
   6.5000000e+04   3.4615050e-01   1.5000000e+03
   6.5000000e+04   3.0134723e-01   1.5000000e+03
   6.5000000e+04   3.2148123e-01   1.5000000e+03
   6.5000000e+04   3.6527901e-01   1.5000000e+03
   6.5000000e+04   3.5791876e-01   1.5000000e+03
   6.5000000e+04   3.2307231e-01   1.5000000e+03
   6.5000000e+04   3.3896598e-01   1.5000000e+03
   6.5000000e+04   3.6277350e-01   1.5000000e+03
   6.5000000e+04   3.5450016e-01   1.5000000e+03
   6.5000000e+04   3.8185772e-01   1.5000000e+03
   6.5000000e+04   3.0874784e-01   1.5000000e+03
   6.5000000e+04   3.9409185e-01   1.5000000e+03
   6.5000000e+04   3.2046230e-01   1.5000000e+03
   6.5000000e+04   3.7114150e-01   1.5000000e+03
   6.5000000e+04   3.9747675e-01   1.5000000e+03
   6.5000000e+04   3.5115044e-01   1.5000000e+03
   6.5000000e+04   3.5076160e-01   1.5000000e+03
   6.5000000e+04   3.5888418e-01   1.5000000e+03
   6.5000000e+04   3.9335283e-01   1.5000000e+03
   6.5000000e+04   3.3189243e-01   1.5000000e+03
   6.5000000e+04   3.8871446e-01   1.5000000e+03
   6.5000000e+04   3.2690159e-01   1.5000000e+03
   6.5000000e+04   3.7571371e-01   1.5000000e+03
   6.5000000e+04   3.3408761e-01   1.5000000e+03
   6.5000000e+04   3.2948617e-01   1.5000000e+03
   6.5000000e+04   3.1773517e-01   1.5000000e+03
   6.5000000e+04   3.9665754e-01   1.5000000e+03
   6.5000000e+04   3.0550858e-01   1.5000000e+03
   6.5000000e+04   3.7220815e-01   1.5000000e+03
   6.5000000e+04   3.3274320e-01   1.5000000e+03
   6.5000000e+04   3.6938134e-01   1.5000000e+03
   6.5000000e+04   3.6300398e-01   1.5000000e+03
   6.5000000e+04   3.1198647e-01   1.5000000e+03
   6.5000000e+04   3.4854124e-01   1.5000000e+03
   6.5000000e+04   3.3047911e-01   1.5000000e+03
