[[0.6418382 ]
 [0.631148  ]
 [0.5664242 ]
 [0.4135031 ]
 [0.44092932]
 [0.6782579 ]
 [0.60640717]
 [0.2236026 ]
 [0.17383924]
 [0.45716673]
 [0.6958339 ]
 [0.6563195 ]
 [0.21682832]
 [0.20066652]
 [0.34403276]
 [0.6134748 ]
 [0.7588661 ]
 [0.711869  ]
 [0.5056902 ]
 [0.3343673 ]
 [0.29597512]
 [0.46295574]
 [0.67821336]
 [0.7397867 ]
 [0.75733495]]
[[0.6418382 ]
 [0.631148  ]
 [0.5664242 ]
 [0.4135031 ]
 [0.44092932]
 [0.6782579 ]
 [0.60640717]
 [0.2236026 ]
 [0.17383924]
 [0.45716673]
 [0.6958339 ]
 [0.6563195 ]
 [0.21682832]
 [0.20066652]
 [0.34403276]
 [0.6134748 ]
 [0.7588661 ]
 [0.711869  ]
 [0.5056902 ]
 [0.3343673 ]
 [0.29597512]
 [0.46295574]
 [0.67821336]
 [0.7397867 ]
 [0.75733495]]
[[0.6418382 ]
 [0.631148  ]
 [0.5664242 ]
 [0.4135031 ]
 [0.44092932]
 [0.6782579 ]
 [0.60640717]
 [0.2236026 ]
 [0.17383924]
 [0.45716673]
 [0.6958339 ]
 [0.6563195 ]
 [0.21682832]
 [0.20066652]
 [0.34403276]
 [0.6134748 ]
 [0.7588661 ]
 [0.711869  ]
 [0.5056902 ]
 [0.3343673 ]
 [0.29597512]
 [0.46295574]
 [0.67821336]
 [0.7397867 ]
 [0.75733495]]
[[0.6418382 ]
 [0.631148  ]
 [0.5664242 ]
 [0.4135031 ]
 [0.44092932]
 [0.6782579 ]
 [0.60640717]
 [0.2236026 ]
 [0.17383924]
 [0.45716673]
 [0.6958339 ]
 [0.6563195 ]
 [0.21682832]
 [0.20066652]
 [0.34403276]
 [0.6134748 ]
 [0.7588661 ]
 [0.711869  ]
 [0.5056902 ]
 [0.3343673 ]
 [0.29597512]
 [0.46295574]
 [0.67821336]
 [0.7397867 ]
 [0.75733495]]
[[0.6418382 ]
 [0.631148  ]
 [0.5664242 ]
 [0.4135031 ]
 [0.44092932]
 [0.6782579 ]
 [0.60640717]
 [0.2236026 ]
 [0.17383924]
 [0.45716673]
 [0.6958339 ]
 [0.6563195 ]
 [0.21682832]
 [0.20066652]
 [0.34403276]
 [0.6134748 ]
 [0.7588661 ]
 [0.711869  ]
 [0.5056902 ]
 [0.3343673 ]
 [0.29597512]
 [0.46295574]
 [0.67821336]
 [0.7397867 ]
 [0.75733495]]
[[0.6418382 ]
 [0.631148  ]
 [0.5664242 ]
 [0.4135031 ]
 [0.44092932]
 [0.6782579 ]
 [0.60640717]
 [0.2236026 ]
 [0.17383924]
 [0.45716673]
 [0.6958339 ]
 [0.6563195 ]
 [0.21682832]
 [0.20066652]
 [0.34403276]
 [0.6134748 ]
 [0.7588661 ]
 [0.711869  ]
 [0.5056902 ]
 [0.3343673 ]
 [0.29597512]
 [0.46295574]
 [0.67821336]
 [0.7397867 ]
 [0.75733495]]
[[0.6418382 ]
 [0.631148  ]
 [0.5664242 ]
 [0.4135031 ]
 [0.44092932]
 [0.6782579 ]
 [0.60640717]
 [0.2236026 ]
 [0.17383924]
 [0.45716673]
 [0.6958339 ]
 [0.6563195 ]
 [0.21682832]
 [0.20066652]
 [0.34403276]
 [0.6134748 ]
 [0.7588661 ]
 [0.711869  ]
 [0.5056902 ]
 [0.3343673 ]
 [0.29597512]
 [0.46295574]
 [0.67821336]
 [0.7397867 ]
 [0.75733495]]
[[0.6418382 ]
 [0.631148  ]
 [0.5664242 ]
 [0.4135031 ]
 [0.44092932]
 [0.6782579 ]
 [0.60640717]
 [0.2236026 ]
 [0.17383924]
 [0.45716673]
 [0.6958339 ]
 [0.6563195 ]
 [0.21682832]
 [0.20066652]
 [0.34403276]
 [0.6134748 ]
 [0.7588661 ]
 [0.711869  ]
 [0.5056902 ]
 [0.3343673 ]
 [0.29597512]
 [0.46295574]
 [0.67821336]
 [0.7397867 ]
 [0.75733495]]
[[0.6418382 ]
 [0.631148  ]
 [0.5664242 ]
 [0.4135031 ]
 [0.44092932]
 [0.6782579 ]
 [0.60640717]
 [0.2236026 ]
 [0.17383924]
 [0.45716673]
 [0.6958339 ]
 [0.6563195 ]
 [0.21682832]
 [0.20066652]
 [0.34403276]
 [0.6134748 ]
 [0.7588661 ]
 [0.711869  ]
 [0.5056902 ]
 [0.3343673 ]
 [0.29597512]
 [0.46295574]
 [0.67821336]
 [0.7397867 ]
 [0.75733495]]
[[0.6418382 ]
 [0.631148  ]
 [0.5664242 ]
 [0.4135031 ]
 [0.44092932]
 [0.6782579 ]
 [0.60640717]
 [0.2236026 ]
 [0.17383924]
 [0.45716673]
 [0.6958339 ]
 [0.6563195 ]
 [0.21682832]
 [0.20066652]
 [0.34403276]
 [0.6134748 ]
 [0.7588661 ]
 [0.711869  ]
 [0.5056902 ]
 [0.3343673 ]
 [0.29597512]
 [0.46295574]
 [0.67821336]
 [0.7397867 ]
 [0.75733495]]
[[0.6418382 ]
 [0.631148  ]
 [0.5664242 ]
 [0.4135031 ]
 [0.44092932]
 [0.6782579 ]
 [0.60640717]
 [0.2236026 ]
 [0.17383924]
 [0.45716673]
 [0.6958339 ]
 [0.6563195 ]
 [0.21682832]
 [0.20066652]
 [0.34403276]
 [0.6134748 ]
 [0.7588661 ]
 [0.711869  ]
 [0.5056902 ]
 [0.3343673 ]
 [0.29597512]
 [0.46295574]
 [0.67821336]
 [0.7397867 ]
 [0.75733495]]
[[0.6418382 ]
 [0.631148  ]
 [0.5664242 ]
 [0.4135031 ]
 [0.44092932]
 [0.6782579 ]
 [0.60640717]
 [0.2236026 ]
 [0.17383924]
 [0.45716673]
 [0.6958339 ]
 [0.6563195 ]
 [0.21682832]
 [0.20066652]
 [0.34403276]
 [0.6134748 ]
 [0.7588661 ]
 [0.711869  ]
 [0.5056902 ]
 [0.3343673 ]
 [0.29597512]
 [0.46295574]
 [0.67821336]
 [0.7397867 ]
 [0.75733495]]
[[0.6418382 ]
 [0.631148  ]
 [0.5664242 ]
 [0.4135031 ]
 [0.44092932]
 [0.6782579 ]
 [0.60640717]
 [0.2236026 ]
 [0.17383924]
 [0.45716673]
 [0.6958339 ]
 [0.6563195 ]
 [0.21682832]
 [0.20066652]
 [0.34403276]
 [0.6134748 ]
 [0.7588661 ]
 [0.711869  ]
 [0.5056902 ]
 [0.3343673 ]
 [0.29597512]
 [0.46295574]
 [0.67821336]
 [0.7397867 ]
 [0.75733495]]
[[0.6418382 ]
 [0.631148  ]
 [0.5664242 ]
 [0.4135031 ]
 [0.44092932]
 [0.6782579 ]
 [0.60640717]
 [0.2236026 ]
 [0.17383924]
 [0.45716673]
 [0.6958339 ]
 [0.6563195 ]
 [0.21682832]
 [0.20066652]
 [0.34403276]
 [0.6134748 ]
 [0.7588661 ]
 [0.711869  ]
 [0.5056902 ]
 [0.3343673 ]
 [0.29597512]
 [0.46295574]
 [0.67821336]
 [0.7397867 ]
 [0.75733495]]
[[0.6418382 ]
 [0.631148  ]
 [0.5664242 ]
 [0.4135031 ]
 [0.44092932]
 [0.6782579 ]
 [0.60640717]
 [0.2236026 ]
 [0.17383924]
 [0.45716673]
 [0.6958339 ]
 [0.6563195 ]
 [0.21682832]
 [0.20066652]
 [0.34403276]
 [0.6134748 ]
 [0.7588661 ]
 [0.711869  ]
 [0.5056902 ]
 [0.3343673 ]
 [0.29597512]
 [0.46295574]
 [0.67821336]
 [0.7397867 ]
 [0.75733495]]
[[0.6418382 ]
 [0.631148  ]
 [0.5664242 ]
 [0.4135031 ]
 [0.44092932]
 [0.6782579 ]
 [0.60640717]
 [0.2236026 ]
 [0.17383924]
 [0.45716673]
 [0.6958339 ]
 [0.6563195 ]
 [0.21682832]
 [0.20066652]
 [0.34403276]
 [0.6134748 ]
 [0.7588661 ]
 [0.711869  ]
 [0.5056902 ]
 [0.3343673 ]
 [0.29597512]
 [0.46295574]
 [0.67821336]
 [0.7397867 ]
 [0.75733495]]
[[0.6418382 ]
 [0.631148  ]
 [0.5664242 ]
 [0.4135031 ]
 [0.44092932]
 [0.6782579 ]
 [0.60640717]
 [0.2236026 ]
 [0.17383924]
 [0.45716673]
 [0.6958339 ]
 [0.6563195 ]
 [0.21682832]
 [0.20066652]
 [0.34403276]
 [0.6134748 ]
 [0.7588661 ]
 [0.711869  ]
 [0.5056902 ]
 [0.3343673 ]
 [0.29597512]
 [0.46295574]
 [0.67821336]
 [0.7397867 ]
 [0.75733495]]
[[0.6418382 ]
 [0.631148  ]
 [0.5664242 ]
 [0.4135031 ]
 [0.44092932]
 [0.6782579 ]
 [0.60640717]
 [0.2236026 ]
 [0.17383924]
 [0.45716673]
 [0.6958339 ]
 [0.6563195 ]
 [0.21682832]
 [0.20066652]
 [0.34403276]
 [0.6134748 ]
 [0.7588661 ]
 [0.711869  ]
 [0.5056902 ]
 [0.3343673 ]
 [0.29597512]
 [0.46295574]
 [0.67821336]
 [0.7397867 ]
 [0.75733495]]
[[0.6418382 ]
 [0.631148  ]
 [0.5664242 ]
 [0.4135031 ]
 [0.44092932]
 [0.6782579 ]
 [0.60640717]
 [0.2236026 ]
 [0.17383924]
 [0.45716673]
 [0.6958339 ]
 [0.6563195 ]
 [0.21682832]
 [0.20066652]
 [0.34403276]
 [0.6134748 ]
 [0.7588661 ]
 [0.711869  ]
 [0.5056902 ]
 [0.3343673 ]
 [0.29597512]
 [0.46295574]
 [0.67821336]
 [0.7397867 ]
 [0.75733495]]
[[0.6418382 ]
 [0.631148  ]
 [0.5664242 ]
 [0.4135031 ]
 [0.44092932]
 [0.6782579 ]
 [0.60640717]
 [0.2236026 ]
 [0.17383924]
 [0.45716673]
 [0.6958339 ]
 [0.6563195 ]
 [0.21682832]
 [0.20066652]
 [0.34403276]
 [0.6134748 ]
 [0.7588661 ]
 [0.711869  ]
 [0.5056902 ]
 [0.3343673 ]
 [0.29597512]
 [0.46295574]
 [0.67821336]
 [0.7397867 ]
 [0.75733495]]
[[0.6418382 ]
 [0.631148  ]
 [0.5664242 ]
 [0.4135031 ]
 [0.44092932]
 [0.6782579 ]
 [0.60640717]
 [0.2236026 ]
 [0.17383924]
 [0.45716673]
 [0.6958339 ]
 [0.6563195 ]
 [0.21682832]
 [0.20066652]
 [0.34403276]
 [0.6134748 ]
 [0.7588661 ]
 [0.711869  ]
 [0.5056902 ]
 [0.3343673 ]
 [0.29597512]
 [0.46295574]
 [0.67821336]
 [0.7397867 ]
 [0.75733495]]
[[0.6418382 ]
 [0.631148  ]
 [0.5664242 ]
 [0.4135031 ]
 [0.44092932]
 [0.6782579 ]
 [0.60640717]
 [0.2236026 ]
 [0.17383924]
 [0.45716673]
 [0.6958339 ]
 [0.6563195 ]
 [0.21682832]
 [0.20066652]
 [0.34403276]
 [0.6134748 ]
 [0.7588661 ]
 [0.711869  ]
 [0.5056902 ]
 [0.3343673 ]
 [0.29597512]
 [0.46295574]
 [0.67821336]
 [0.7397867 ]
 [0.75733495]]
[[0.6418382 ]
 [0.631148  ]
 [0.5664242 ]
 [0.4135031 ]
 [0.44092932]
 [0.6782579 ]
 [0.60640717]
 [0.2236026 ]
 [0.17383924]
 [0.45716673]
 [0.6958339 ]
 [0.6563195 ]
 [0.21682832]
 [0.20066652]
 [0.34403276]
 [0.6134748 ]
 [0.7588661 ]
 [0.711869  ]
 [0.5056902 ]
 [0.3343673 ]
 [0.29597512]
 [0.46295574]
 [0.67821336]
 [0.7397867 ]
 [0.75733495]]
[[0.6418382 ]
 [0.631148  ]
 [0.5664242 ]
 [0.4135031 ]
 [0.44092932]
 [0.6782579 ]
 [0.60640717]
 [0.2236026 ]
 [0.17383924]
 [0.45716673]
 [0.6958339 ]
 [0.6563195 ]
 [0.21682832]
 [0.20066652]
 [0.34403276]
 [0.6134748 ]
 [0.7588661 ]
 [0.711869  ]
 [0.5056902 ]
 [0.3343673 ]
 [0.29597512]
 [0.46295574]
 [0.67821336]
 [0.7397867 ]
 [0.75733495]]
[[0.6418382 ]
 [0.631148  ]
 [0.5664242 ]
 [0.4135031 ]
 [0.44092932]
 [0.6782579 ]
 [0.60640717]
 [0.2236026 ]
 [0.17383924]
 [0.45716673]
 [0.6958339 ]
 [0.6563195 ]
 [0.21682832]
 [0.20066652]
 [0.34403276]
 [0.6134748 ]
 [0.7588661 ]
 [0.711869  ]
 [0.5056902 ]
 [0.3343673 ]
 [0.29597512]
 [0.46295574]
 [0.67821336]
 [0.7397867 ]
 [0.75733495]]
