   1.4118433e-01   1.4112572e-01   1.4176068e-01   1.4181791e-01   1.4176945e-01   1.4166267e-01   1.4173199e-01
   1.2872246e-01   1.2873255e-01   1.2902386e-01   1.2908048e-01   1.2903894e-01   1.2907953e-01   1.2905075e-01
   1.1701290e-01   1.1699729e-01   1.1704176e-01   1.1709014e-01   1.1704409e-01   1.1707369e-01   1.1706401e-01
   1.2465110e-01   1.2472079e-01   1.2678210e-01   1.2686113e-01   1.2685872e-01   1.2671138e-01   1.2672444e-01
   1.6025461e-01   1.6030476e-01   1.6155217e-01   1.6163351e-01   1.6160304e-01   1.6157737e-01   1.6155107e-01
   1.0842648e-01   1.0837887e-01   1.0895608e-01   1.0899996e-01   1.0896455e-01   1.0886663e-01   1.0892820e-01
   8.8553540e-02   8.8571721e-02   8.9002455e-02   8.9044141e-02   8.9021471e-02   8.9032350e-02   8.9013137e-02
   9.7127716e-02   9.7121515e-02   9.7181273e-02   9.7221991e-02   9.7185338e-02   9.7217466e-02   9.7202712e-02
   1.6614846e-01   1.6610957e-01   1.6624599e-01   1.6631392e-01   1.6624738e-01   1.6625228e-01   1.6626268e-01
   1.5994155e-01   1.5989453e-01   1.6014797e-01   1.6021314e-01   1.6015027e-01   1.6012279e-01   1.6015125e-01
