   6.5000000e+04   3.5000000e-01   1.7053073e+03
   6.5000000e+04   3.5000000e-01   1.4183684e+03
   6.5000000e+04   3.5000000e-01   1.1380485e+03
   6.5000000e+04   3.5000000e-01   1.2757409e+03
   6.5000000e+04   3.5000000e-01   1.5005848e+03
   6.5000000e+04   3.5000000e-01   1.7849917e+03
   6.5000000e+04   3.5000000e-01   1.0986270e+03
   6.5000000e+04   3.5000000e-01   1.6495209e+03
   6.5000000e+04   3.5000000e-01   1.8571672e+03
   6.5000000e+04   3.5000000e-01   1.8335203e+03
   6.5000000e+04   3.5000000e-01   1.9521396e+03
   6.5000000e+04   3.5000000e-01   1.3587893e+03
   6.5000000e+04   3.5000000e-01   1.9003526e+03
   6.5000000e+04   3.5000000e-01   1.3953184e+03
   6.5000000e+04   3.5000000e-01   1.0578537e+03
   6.5000000e+04   3.5000000e-01   1.9852373e+03
   6.5000000e+04   3.5000000e-01   1.4634489e+03
   6.5000000e+04   3.5000000e-01   1.1877851e+03
   6.5000000e+04   3.5000000e-01   1.3052126e+03
   6.5000000e+04   3.5000000e-01   1.2283332e+03
   6.5000000e+04   3.5000000e-01   1.7250550e+03
   6.5000000e+04   3.5000000e-01   1.0142775e+03
   6.5000000e+04   3.5000000e-01   1.6099485e+03
   6.5000000e+04   3.5000000e-01   1.5272511e+03
   6.5000000e+04   3.5000000e-01   1.5675985e+03
