   6.5000000e+04   3.5000000e-01   1.9528806e+03
   6.5000000e+04   3.5000000e-01   1.3452008e+03
   6.5000000e+04   3.5000000e-01   1.0371602e+03
   6.5000000e+04   3.5000000e-01   1.1588179e+03
   6.5000000e+04   3.5000000e-01   1.5146434e+03
   6.5000000e+04   3.5000000e-01   1.3845288e+03
   6.5000000e+04   3.5000000e-01   1.9317732e+03
   6.5000000e+04   3.5000000e-01   1.2130815e+03
   6.5000000e+04   3.5000000e-01   1.1929191e+03
   6.5000000e+04   3.5000000e-01   1.0081650e+03
   6.5000000e+04   3.5000000e-01   1.4467850e+03
   6.5000000e+04   3.5000000e-01   1.6983822e+03
   6.5000000e+04   3.5000000e-01   1.7125813e+03
   6.5000000e+04   3.5000000e-01   1.4543328e+03
   6.5000000e+04   3.5000000e-01   1.0425541e+03
   6.5000000e+04   3.5000000e-01   1.6571223e+03
   6.5000000e+04   3.5000000e-01   1.6490597e+03
   6.5000000e+04   3.5000000e-01   1.1141804e+03
   6.5000000e+04   3.5000000e-01   1.1691480e+03
   6.5000000e+04   3.5000000e-01   1.6622502e+03
   6.5000000e+04   3.5000000e-01   1.3128846e+03
   6.5000000e+04   3.5000000e-01   1.2497904e+03
   6.5000000e+04   3.5000000e-01   1.4079026e+03
   6.5000000e+04   3.5000000e-01   1.8532261e+03
   6.5000000e+04   3.5000000e-01   1.2754687e+03
   6.5000000e+04   3.5000000e-01   1.7450678e+03
   6.5000000e+04   3.5000000e-01   1.5364732e+03
   6.5000000e+04   3.5000000e-01   1.7638810e+03
   6.5000000e+04   3.5000000e-01   1.7754313e+03
   6.5000000e+04   3.5000000e-01   1.9670512e+03
   6.5000000e+04   3.5000000e-01   1.0816226e+03
   6.5000000e+04   3.5000000e-01   1.8765228e+03
   6.5000000e+04   3.5000000e-01   1.8402983e+03
   6.5000000e+04   3.5000000e-01   1.2659753e+03
   6.5000000e+04   3.5000000e-01   1.2047560e+03
   6.5000000e+04   3.5000000e-01   1.4748964e+03
   6.5000000e+04   3.5000000e-01   1.1442740e+03
   6.5000000e+04   3.5000000e-01   1.9410659e+03
   6.5000000e+04   3.5000000e-01   1.2862510e+03
   6.5000000e+04   3.5000000e-01   1.0603199e+03
   6.5000000e+04   3.5000000e-01   1.4264671e+03
   6.5000000e+04   3.5000000e-01   1.5281606e+03
   6.5000000e+04   3.5000000e-01   1.0243494e+03
   6.5000000e+04   3.5000000e-01   1.5430663e+03
   6.5000000e+04   3.5000000e-01   1.5648038e+03
   6.5000000e+04   3.5000000e-01   1.2329219e+03
   6.5000000e+04   3.5000000e-01   1.4109435e+03
   6.5000000e+04   3.5000000e-01   1.4912308e+03
   6.5000000e+04   3.5000000e-01   1.5973239e+03
   6.5000000e+04   3.5000000e-01   1.8307954e+03
   6.5000000e+04   3.5000000e-01   1.9281063e+03
   6.5000000e+04   3.5000000e-01   1.4876167e+03
   6.5000000e+04   3.5000000e-01   1.2246157e+03
   6.5000000e+04   3.5000000e-01   1.1286626e+03
   6.5000000e+04   3.5000000e-01   1.6277269e+03
   6.5000000e+04   3.5000000e-01   1.8674347e+03
   6.5000000e+04   3.5000000e-01   1.9068261e+03
   6.5000000e+04   3.5000000e-01   1.1386702e+03
   6.5000000e+04   3.5000000e-01   1.5783600e+03
   6.5000000e+04   3.5000000e-01   1.8172878e+03
   6.5000000e+04   3.5000000e-01   1.8065477e+03
   6.5000000e+04   3.5000000e-01   1.7979702e+03
   6.5000000e+04   3.5000000e-01   1.8992848e+03
   6.5000000e+04   3.5000000e-01   1.3912652e+03
   6.5000000e+04   3.5000000e-01   1.8284813e+03
   6.5000000e+04   3.5000000e-01   1.6320571e+03
   6.5000000e+04   3.5000000e-01   1.1705363e+03
   6.5000000e+04   3.5000000e-01   1.3764857e+03
   6.5000000e+04   3.5000000e-01   1.7294108e+03
   6.5000000e+04   3.5000000e-01   1.0107861e+03
   6.5000000e+04   3.5000000e-01   1.2522285e+03
   6.5000000e+04   3.5000000e-01   1.6175081e+03
   6.5000000e+04   3.5000000e-01   1.0546830e+03
   6.5000000e+04   3.5000000e-01   1.3592640e+03
   6.5000000e+04   3.5000000e-01   1.5014841e+03
   6.5000000e+04   3.5000000e-01   1.2924868e+03
   6.5000000e+04   3.5000000e-01   1.9182359e+03
   6.5000000e+04   3.5000000e-01   1.7017379e+03
   6.5000000e+04   3.5000000e-01   1.0996631e+03
   6.5000000e+04   3.5000000e-01   1.9998206e+03
   6.5000000e+04   3.5000000e-01   1.9728511e+03
   6.5000000e+04   3.5000000e-01   1.7807564e+03
   6.5000000e+04   3.5000000e-01   1.6044512e+03
   6.5000000e+04   3.5000000e-01   1.9817116e+03
   6.5000000e+04   3.5000000e-01   1.0764319e+03
   6.5000000e+04   3.5000000e-01   1.8869322e+03
   6.5000000e+04   3.5000000e-01   1.7532617e+03
   6.5000000e+04   3.5000000e-01   1.6894383e+03
   6.5000000e+04   3.5000000e-01   1.7367319e+03
   6.5000000e+04   3.5000000e-01   1.5811672e+03
   6.5000000e+04   3.5000000e-01   1.1058891e+03
   6.5000000e+04   3.5000000e-01   1.5549783e+03
   6.5000000e+04   3.5000000e-01   1.3364276e+03
   6.5000000e+04   3.5000000e-01   1.6701116e+03
   6.5000000e+04   3.5000000e-01   1.3253511e+03
   6.5000000e+04   3.5000000e-01   1.3005318e+03
   6.5000000e+04   3.5000000e-01   1.1889977e+03
   6.5000000e+04   3.5000000e-01   1.3668043e+03
   6.5000000e+04   3.5000000e-01   1.4360567e+03
   6.5000000e+04   3.5000000e-01   1.4616143e+03
