   1.2936050e-01   1.6835551e-01   1.6827045e-01   1.6840768e-01
   9.8634844e-02   1.1603411e-01   1.1599592e-01   1.1594395e-01
   8.0095245e-02   8.9466116e-02   8.9430038e-02   8.9372034e-02
   8.7694930e-02   9.9962762e-02   9.9925004e-02   9.9865929e-02
   1.0790624e-01   1.3063368e-01   1.3059442e-01   1.3056265e-01
   1.0084138e-01   1.1942363e-01   1.1938541e-01   1.1933674e-01
   1.2840057e-01   1.6653928e-01   1.6645923e-01   1.6658251e-01
   9.0965003e-02   1.0464306e-01   1.0460501e-01   1.0454674e-01
   8.9758353e-02   1.0290415e-01   1.0286618e-01   1.0280751e-01
   7.8227392e-02   8.6963757e-02   8.6928329e-02   8.6871077e-02
   1.0426587e-01   1.2478809e-01   1.2474961e-01   1.2470779e-01
   1.1731131e-01   1.4645420e-01   1.4640730e-01   1.4642029e-01
   1.1801219e-01   1.4767640e-01   1.4762841e-01   1.4764615e-01
   1.0467547e-01   1.2543837e-01   1.2539984e-01   1.2535899e-01
   8.0440271e-02   8.9931596e-02   8.9895409e-02   8.9837284e-02
   1.1525423e-01   1.4290244e-01   1.4285823e-01   1.4285856e-01
   1.1484865e-01   1.4220834e-01   1.4216457e-01   1.4216262e-01
   8.4950334e-02   9.6111973e-02   9.6074649e-02   9.6015541e-02
   8.8323012e-02   1.0085383e-01   1.0081599e-01   1.0075700e-01
   1.1551157e-01   1.4334389e-01   1.4329938e-01   1.4330119e-01
   9.6795947e-02   1.1324847e-01   1.1321029e-01   1.1315614e-01
   9.3136868e-02   1.0780867e-01   1.0777052e-01   1.0771334e-01
   1.0213680e-01   1.2143786e-01   1.2139958e-01   1.2135324e-01
   1.2476790e-01   1.5978044e-01   1.5971569e-01   1.5979346e-01
   9.4637187e-02   1.1002275e-01   1.0998458e-01   1.0992845e-01
   1.1960244e-01   1.5047254e-01   1.5042168e-01   1.5045114e-01
   1.0905753e-01   1.3251385e-01   1.3247417e-01   1.3244629e-01
   1.2051503e-01   1.5209171e-01   1.5203894e-01   1.5207574e-01
   1.2107231e-01   1.5308575e-01   1.5303171e-01   1.5307323e-01
   1.3000118e-01   1.6957486e-01   1.6948619e-01   1.6963323e-01
   8.2916675e-02   9.3302868e-02   9.3265989e-02   9.3207180e-02
   1.2585544e-01   1.6178511e-01   1.6171634e-01   1.6180661e-01
   1.2416064e-01   1.5866798e-01   1.5860529e-01   1.5867646e-01
   9.4084306e-02   1.0920422e-01   1.0916605e-01   1.0910951e-01
   9.0467943e-02   1.0392505e-01   1.0388702e-01   1.0382858e-01
   1.0578541e-01   1.2720992e-01   1.2717120e-01   1.2713319e-01
   8.6806158e-02   9.8708161e-02   9.8670524e-02   9.8611378e-02
   1.2882402e-01   1.6733890e-01   1.6725669e-01   1.6738602e-01
   9.5262590e-02   1.1095237e-01   1.1091420e-01   1.1085858e-01
   8.1571298e-02   9.1464688e-02   9.1428164e-02   9.1369686e-02
   1.0315733e-01   1.2303751e-01   1.2299915e-01   1.2295486e-01
   1.0862025e-01   1.3179792e-01   1.3175840e-01   1.3172900e-01
   7.9272722e-02   8.8360541e-02   8.8324738e-02   8.8267045e-02
   1.0940339e-01   1.3308168e-01   1.3304184e-01   1.3301521e-01
   1.1053765e-01   1.3495369e-01   1.3491330e-01   1.3489098e-01
   9.2142839e-02   1.0635407e-01   1.0631596e-01   1.0625822e-01
   1.0230447e-01   1.2169989e-01   1.2166160e-01   1.2161558e-01
   1.0666086e-01   1.2861701e-01   1.2857809e-01   1.2854253e-01
   1.1221747e-01   1.3775400e-01   1.3771256e-01   1.3769740e-01
   1.2371254e-01   1.5785023e-01   1.5778899e-01   1.5785546e-01
   1.2823312e-01   1.6622376e-01   1.6614454e-01   1.6626548e-01
   1.0646763e-01   1.2830569e-01   1.2826682e-01   1.2823070e-01
   9.1650887e-02   1.0563778e-01   1.0559968e-01   1.0554171e-01
   8.5846273e-02   9.7361396e-02   9.7323910e-02   9.7264754e-02
   1.1376976e-01   1.4037173e-01   1.4032903e-01   1.4032134e-01
   1.2543222e-01   1.6100309e-01   1.6093594e-01   1.6102124e-01
   1.2725725e-01   1.6439266e-01   1.6431802e-01   1.6442579e-01
   8.6462300e-02   9.8224734e-02   9.8187149e-02   9.8127992e-02
   1.1124036e-01   1.3612106e-01   1.3608027e-01   1.3606083e-01
   1.2307306e-01   1.5668785e-01   1.5662854e-01   1.5668855e-01
   1.2256246e-01   1.5576360e-01   1.5570574e-01   1.5576079e-01
   1.2215330e-01   1.5502544e-01   1.5496870e-01   1.5501990e-01
   1.2690974e-01   1.6374375e-01   1.6367064e-01   1.6377392e-01
   1.0121594e-01   1.2000416e-01   1.1996592e-01   1.1991790e-01
   1.2360319e-01   1.5765109e-01   1.5759018e-01   1.5765553e-01
   1.1398944e-01   1.4074454e-01   1.4070164e-01   1.4069508e-01
   8.8407221e-02   1.0097358e-01   1.0093573e-01   1.0087676e-01
   1.0039288e-01   1.1873047e-01   1.1869226e-01   1.1864286e-01
   1.1883831e-01   1.4912496e-01   1.4907554e-01   1.4909921e-01
   7.8397161e-02   8.7189979e-02   8.7154488e-02   8.7097161e-02
   9.3279983e-02   1.0801890e-01   1.0798075e-01   1.0792366e-01
   1.1324995e-01   1.3949191e-01   1.3944967e-01   1.3943938e-01
   8.1213325e-02   9.0978261e-02   9.0941839e-02   9.0883466e-02
   9.9427790e-02   1.1724623e-01   1.1720803e-01   1.1715716e-01
   1.0720763e-01   1.2950021e-01   1.2946116e-01   1.2942721e-01
   9.5623058e-02   1.1148999e-01   1.1145181e-01   1.1139651e-01
   1.2778135e-01   1.6537444e-01   1.6529739e-01   1.6541213e-01
   1.1747727e-01   1.4674306e-01   1.4669591e-01   1.4671000e-01
   8.4046881e-02   9.4859449e-02   9.4822309e-02   9.4763302e-02
   1.3147132e-01   1.7239463e-01   1.7229686e-01   1.7246798e-01
   1.3026254e-01   1.7007393e-01   1.6998373e-01   1.7013489e-01
   1.2132848e-01   1.5354404e-01   1.5348939e-01   1.5353313e-01
   1.1258293e-01   1.3836769e-01   1.3832599e-01   1.3831250e-01
   1.3066086e-01   1.7083636e-01   1.7074376e-01   1.7090132e-01
   8.2589939e-02   9.2854986e-02   9.2818189e-02   9.2759451e-02
   1.2633860e-01   1.6268083e-01   1.6261013e-01   1.6270625e-01
   1.2000065e-01   1.5117776e-01   1.5112609e-01   1.5115869e-01
   1.1686800e-01   1.4568433e-01   1.4563807e-01   1.4564817e-01
   1.1919614e-01   1.4975509e-01   1.4970501e-01   1.4973135e-01
   1.1138544e-01   1.3636279e-01   1.3632191e-01   1.3630308e-01
   8.4435002e-02   9.5396627e-02   9.5359406e-02   9.5300349e-02
   1.1002610e-01   1.3410755e-01   1.3406742e-01   1.3404311e-01
   9.8137937e-02   1.1527789e-01   1.1523971e-01   1.1518711e-01
   1.1590515e-01   1.4402064e-01   1.4397565e-01   1.4397978e-01
   9.7508114e-02   1.1432311e-01   1.1428493e-01   1.1423157e-01
   9.6086788e-02   1.1218356e-01   1.1214538e-01   1.1209051e-01
   8.9522519e-02   1.0256593e-01   1.0252798e-01   1.0246924e-01
   9.9851146e-02   1.1789610e-01   1.1785790e-01   1.1780766e-01
   1.0368161e-01   1.2386376e-01   1.2382535e-01   1.2378220e-01
   1.0506950e-01   1.2606569e-01   1.2602709e-01   1.2598722e-01
