   6.4762039e+04   3.4104779e-01   1.6375105e+03
   6.5668093e+04   3.4645673e-01   1.3161358e+03
   6.0301395e+04   3.8974859e-01   1.9756857e+03
   6.6628182e+04   3.3242143e-01   1.0516911e+03
   6.9258682e+04   3.1008452e-01   1.2217535e+03
   6.1290137e+04   3.2210440e-01   1.8154700e+03
   6.4126544e+04   3.6851749e-01   1.0661944e+03
   6.2836269e+04   3.7955726e-01   1.4807413e+03
   6.9992616e+04   3.9268825e-01   1.7725916e+03
   6.6387949e+04   3.2094469e-01   1.6926237e+03
   6.2501840e+04   3.7224621e-01   1.1105308e+03
   6.1850320e+04   3.5886805e-01   1.3948990e+03
   6.5897759e+04   3.3464408e-01   1.2920812e+03
   6.7994617e+04   3.4760413e-01   1.4254783e+03
   6.8385913e+04   3.4411448e-01   1.5315080e+03
   6.8110653e+04   3.6497876e-01   1.1360957e+03
   6.2153418e+04   3.7115592e-01   1.8826162e+03
   6.5743914e+04   3.2671193e-01   1.5902356e+03
   6.8850554e+04   3.0874966e-01   1.1447670e+03
   6.1493221e+04   3.7551162e-01   1.5157008e+03
   6.8410235e+04   3.3327096e-01   1.9479284e+03
   6.9771143e+04   3.7379738e-01   1.7467660e+03
   6.2273095e+04   3.1678372e-01   1.6588913e+03
   6.1040581e+04   3.0902367e-01   1.4162479e+03
   6.4852412e+04   3.8640676e-01   1.2567010e+03
   6.8263169e+04   3.8469560e-01   1.5265789e+03
   6.4634439e+04   3.9903230e-01   1.2018288e+03
   6.3906180e+04   3.8210403e-01   1.2846831e+03
   6.5037957e+04   3.0580997e-01   1.9047888e+03
   6.1671716e+04   3.5299820e-01   1.8722569e+03
   6.1779482e+04   3.9828824e-01   1.7687974e+03
   6.8756087e+04   3.4813227e-01   1.9337455e+03
   6.6297275e+04   3.8388169e-01   1.1565335e+03
   6.2612382e+04   3.0796098e-01   1.4666538e+03
   6.8638991e+04   3.9640181e-01   1.5842538e+03
   6.0279641e+04   3.8839569e-01   1.9113606e+03
   6.4448008e+04   3.5648357e-01   1.6080144e+03
   6.7494618e+04   3.3899249e-01   1.3632755e+03
   6.3213781e+04   3.2831107e-01   1.7009817e+03
   6.3755707e+04   3.6905398e-01   1.8380084e+03
   6.5345199e+04   3.0212646e-01   1.5470172e+03
   6.9343314e+04   3.2988672e-01   1.0750348e+03
   6.7731961e+04   3.8764543e-01   1.9211010e+03
   6.0862862e+04   3.5375806e-01   1.0249859e+03
   6.2792177e+04   3.4043967e-01   1.4772300e+03
   6.3654365e+04   3.4538727e-01   1.1046604e+03
   6.8595216e+04   3.2769919e-01   1.3442575e+03
   6.4026174e+04   3.9020186e-01   1.8258720e+03
   6.2496200e+04   3.9520436e-01   1.1998524e+03
   6.6104576e+04   3.5021891e-01   1.8629724e+03
   6.4925763e+04   3.9764890e-01   1.6749325e+03
   6.9406255e+04   3.3994570e-01   1.3361873e+03
   6.9848664e+04   3.3729130e-01   1.2193507e+03
   6.7875910e+04   3.1800707e-01   1.2364142e+03
   6.7174003e+04   3.1783752e-01   1.7376575e+03
   6.7624103e+04   3.7788643e-01   1.0079650e+03
   6.9600666e+04   3.7008712e-01   1.6418622e+03
   6.0464329e+04   3.5151834e-01   1.5660657e+03
   6.3124714e+04   3.7614819e-01   1.7194642e+03
   6.0088995e+04   3.4919009e-01   1.9662495e+03
   6.8040295e+04   3.5481324e-01   1.3522501e+03
   6.5256940e+04   3.1975280e-01   1.2483470e+03
   6.3526928e+04   3.5994581e-01   1.8508778e+03
   6.2373882e+04   3.1339104e-01   1.7968079e+03
   6.5590519e+04   3.0622277e-01   1.4067022e+03
   6.2954904e+04   3.6748894e-01   1.0879576e+03
   6.0735993e+04   3.6097225e-01   1.5023279e+03
   6.1186796e+04   3.2100961e-01   1.1693003e+03
   6.0654718e+04   3.3549906e-01   1.4904997e+03
   6.3834780e+04   3.6266800e-01   1.3084179e+03
   6.1517300e+04   3.5582612e-01   1.2671355e+03
   6.4269192e+04   3.1237436e-01   1.6831287e+03
   6.9559764e+04   3.1542487e-01   1.4485885e+03
   6.3411577e+04   3.0024901e-01   1.7548791e+03
   6.1329942e+04   3.3684648e-01   1.1727867e+03
   6.5975813e+04   3.4264321e-01   1.6107115e+03
   6.8924017e+04   3.1485605e-01   1.0126790e+03
   6.3370907e+04   3.6514939e-01   1.7825015e+03
   6.0172256e+04   3.0366213e-01   1.6259268e+03
   6.2099389e+04   3.1172480e-01   1.9576051e+03
   6.0962529e+04   3.9199399e-01   1.0947915e+03
   6.7556307e+04   3.9319809e-01   1.8978092e+03
   6.4369570e+04   3.0450259e-01   1.4315761e+03
   6.6870914e+04   3.4346216e-01   1.5533707e+03
   6.7075748e+04   3.8112909e-01   1.2718376e+03
   6.6006332e+04   3.2327716e-01   1.0420612e+03
   6.6413981e+04   3.7833191e-01   1.8453089e+03
   6.9160277e+04   3.7482117e-01   1.1269048e+03
   6.6752058e+04   3.6144950e-01   1.3231242e+03
   6.9043500e+04   3.0104012e-01   1.5701315e+03
   6.4551038e+04   3.3140398e-01   1.9923007e+03
   6.1973019e+04   3.8519143e-01   1.4517042e+03
   6.0501026e+04   3.6601547e-01   1.9829392e+03
   6.7281632e+04   3.3011408e-01   1.1840466e+03
   6.3013834e+04   3.6378616e-01   1.3724713e+03
   6.6996737e+04   3.2496537e-01   1.6650328e+03
   6.6566804e+04   3.5754888e-01   1.0313487e+03
   6.5425125e+04   3.9498621e-01   1.7293197e+03
   6.7335563e+04   3.8052629e-01   1.3803145e+03
   6.5183076e+04   3.2504880e-01   1.8090124e+03
