   6.5000000e+04   3.5000000e-01   1.4200835e+03
   6.5000000e+04   3.5000000e-01   1.3437074e+03
   6.5000000e+04   3.5000000e-01   1.4482055e+03
   6.5000000e+04   3.5000000e-01   1.8574569e+03
   6.5000000e+04   3.5000000e-01   1.2545509e+03
   6.5000000e+04   3.5000000e-01   1.6348110e+03
   6.5000000e+04   3.5000000e-01   1.7430866e+03
   6.5000000e+04   3.5000000e-01   1.3835057e+03
   6.5000000e+04   3.5000000e-01   1.9906219e+03
   6.5000000e+04   3.5000000e-01   1.1065992e+03
   6.5000000e+04   3.5000000e-01   1.5757333e+03
   6.5000000e+04   3.5000000e-01   1.0199947e+03
   6.5000000e+04   3.5000000e-01   1.6472474e+03
   6.5000000e+04   3.5000000e-01   1.5504851e+03
   6.5000000e+04   3.5000000e-01   1.1455397e+03
   6.5000000e+04   3.5000000e-01   1.3015532e+03
   6.5000000e+04   3.5000000e-01   1.6903251e+03
   6.5000000e+04   3.5000000e-01   1.0534393e+03
   6.5000000e+04   3.5000000e-01   1.1957853e+03
   6.5000000e+04   3.5000000e-01   1.9560357e+03
   6.5000000e+04   3.5000000e-01   1.8135675e+03
   6.5000000e+04   3.5000000e-01   1.8927586e+03
   6.5000000e+04   3.5000000e-01   1.4933064e+03
   6.5000000e+04   3.5000000e-01   1.7815089e+03
   6.5000000e+04   3.5000000e-01   1.2021627e+03
