[[ 0.8159601 ]
 [ 0.9577656 ]
 [ 0.93084896]
 [ 0.71960974]
 [ 0.40653434]
 [ 0.22302958]
 [ 0.05453356]
 [ 0.20874137]
 [ 0.5110425 ]
 [ 0.7942592 ]
 [ 0.94458765]
 [ 0.93608594]
 [ 0.753298  ]
 [ 0.48805004]
 [ 0.19441253]
 [ 0.03567024]
 [ 0.08495697]
 [ 0.31461817]
 [ 0.6071592 ]
 [ 0.8660063 ]
 [ 0.9813229 ]
 [ 0.9171578 ]
 [ 0.66842246]
 [ 0.31864098]
 [ 0.07437172]
 [-0.01141282]
 [ 0.01374513]
 [ 0.1414441 ]
 [ 0.37268195]
 [ 0.63276005]
 [ 0.823912  ]
 [ 0.9210823 ]
 [ 0.928981  ]
 [ 0.82334197]
 [ 0.64379674]
 [ 0.4196213 ]
 [ 0.1835098 ]
 [-0.01390855]
 [-0.01629208]
 [ 0.14762917]
 [ 0.31166518]
 [ 0.43706322]
 [ 0.6407025 ]
 [ 0.79454154]
 [ 0.8979842 ]
 [ 0.9030835 ]
 [ 0.79957646]
 [ 0.66909206]
 [ 0.60364044]
 [ 0.5675211 ]]
[[ 0.8159601 ]
 [ 0.9577656 ]
 [ 0.93084896]
 [ 0.71960974]
 [ 0.40653434]
 [ 0.22302958]
 [ 0.05453356]
 [ 0.20874137]
 [ 0.5110425 ]
 [ 0.7942592 ]
 [ 0.94458765]
 [ 0.93608594]
 [ 0.753298  ]
 [ 0.48805004]
 [ 0.19441253]
 [ 0.03567024]
 [ 0.08495697]
 [ 0.31461817]
 [ 0.6071592 ]
 [ 0.8660063 ]
 [ 0.9813229 ]
 [ 0.9171578 ]
 [ 0.66842246]
 [ 0.31864098]
 [ 0.07437172]
 [-0.01141282]
 [ 0.01374513]
 [ 0.1414441 ]
 [ 0.37268195]
 [ 0.63276005]
 [ 0.823912  ]
 [ 0.9210823 ]
 [ 0.928981  ]
 [ 0.82334197]
 [ 0.64379674]
 [ 0.4196213 ]
 [ 0.1835098 ]
 [-0.01390855]
 [-0.01629208]
 [ 0.14762917]
 [ 0.31166518]
 [ 0.43706322]
 [ 0.6407025 ]
 [ 0.79454154]
 [ 0.8979842 ]
 [ 0.9030835 ]
 [ 0.79957646]
 [ 0.66909206]
 [ 0.60364044]
 [ 0.5675211 ]]
[[ 0.8159601 ]
 [ 0.9577656 ]
 [ 0.93084896]
 [ 0.71960974]
 [ 0.40653434]
 [ 0.22302958]
 [ 0.05453356]
 [ 0.20874137]
 [ 0.5110425 ]
 [ 0.7942592 ]
 [ 0.94458765]
 [ 0.93608594]
 [ 0.753298  ]
 [ 0.48805004]
 [ 0.19441253]
 [ 0.03567024]
 [ 0.08495697]
 [ 0.31461817]
 [ 0.6071592 ]
 [ 0.8660063 ]
 [ 0.9813229 ]
 [ 0.9171578 ]
 [ 0.66842246]
 [ 0.31864098]
 [ 0.07437172]
 [-0.01141282]
 [ 0.01374513]
 [ 0.1414441 ]
 [ 0.37268195]
 [ 0.63276005]
 [ 0.823912  ]
 [ 0.9210823 ]
 [ 0.928981  ]
 [ 0.82334197]
 [ 0.64379674]
 [ 0.4196213 ]
 [ 0.1835098 ]
 [-0.01390855]
 [-0.01629208]
 [ 0.14762917]
 [ 0.31166518]
 [ 0.43706322]
 [ 0.6407025 ]
 [ 0.79454154]
 [ 0.8979842 ]
 [ 0.9030835 ]
 [ 0.79957646]
 [ 0.66909206]
 [ 0.60364044]
 [ 0.5675211 ]]
[[ 0.8159601 ]
 [ 0.9577656 ]
 [ 0.93084896]
 [ 0.71960974]
 [ 0.40653434]
 [ 0.22302958]
 [ 0.05453356]
 [ 0.20874137]
 [ 0.5110425 ]
 [ 0.7942592 ]
 [ 0.94458765]
 [ 0.93608594]
 [ 0.753298  ]
 [ 0.48805004]
 [ 0.19441253]
 [ 0.03567024]
 [ 0.08495697]
 [ 0.31461817]
 [ 0.6071592 ]
 [ 0.8660063 ]
 [ 0.9813229 ]
 [ 0.9171578 ]
 [ 0.66842246]
 [ 0.31864098]
 [ 0.07437172]
 [-0.01141282]
 [ 0.01374513]
 [ 0.1414441 ]
 [ 0.37268195]
 [ 0.63276005]
 [ 0.823912  ]
 [ 0.9210823 ]
 [ 0.928981  ]
 [ 0.82334197]
 [ 0.64379674]
 [ 0.4196213 ]
 [ 0.1835098 ]
 [-0.01390855]
 [-0.01629208]
 [ 0.14762917]
 [ 0.31166518]
 [ 0.43706322]
 [ 0.6407025 ]
 [ 0.79454154]
 [ 0.8979842 ]
 [ 0.9030835 ]
 [ 0.79957646]
 [ 0.66909206]
 [ 0.60364044]
 [ 0.5675211 ]]
[[ 0.8159601 ]
 [ 0.9577656 ]
 [ 0.93084896]
 [ 0.71960974]
 [ 0.40653434]
 [ 0.22302958]
 [ 0.05453356]
 [ 0.20874137]
 [ 0.5110425 ]
 [ 0.7942592 ]
 [ 0.94458765]
 [ 0.93608594]
 [ 0.753298  ]
 [ 0.48805004]
 [ 0.19441253]
 [ 0.03567024]
 [ 0.08495697]
 [ 0.31461817]
 [ 0.6071592 ]
 [ 0.8660063 ]
 [ 0.9813229 ]
 [ 0.9171578 ]
 [ 0.66842246]
 [ 0.31864098]
 [ 0.07437172]
 [-0.01141282]
 [ 0.01374513]
 [ 0.1414441 ]
 [ 0.37268195]
 [ 0.63276005]
 [ 0.823912  ]
 [ 0.9210823 ]
 [ 0.928981  ]
 [ 0.82334197]
 [ 0.64379674]
 [ 0.4196213 ]
 [ 0.1835098 ]
 [-0.01390855]
 [-0.01629208]
 [ 0.14762917]
 [ 0.31166518]
 [ 0.43706322]
 [ 0.6407025 ]
 [ 0.79454154]
 [ 0.8979842 ]
 [ 0.9030835 ]
 [ 0.79957646]
 [ 0.66909206]
 [ 0.60364044]
 [ 0.5675211 ]]
[[ 0.8159601 ]
 [ 0.9577656 ]
 [ 0.93084896]
 [ 0.71960974]
 [ 0.40653434]
 [ 0.22302958]
 [ 0.05453356]
 [ 0.20874137]
 [ 0.5110425 ]
 [ 0.7942592 ]
 [ 0.94458765]
 [ 0.93608594]
 [ 0.753298  ]
 [ 0.48805004]
 [ 0.19441253]
 [ 0.03567024]
 [ 0.08495697]
 [ 0.31461817]
 [ 0.6071592 ]
 [ 0.8660063 ]
 [ 0.9813229 ]
 [ 0.9171578 ]
 [ 0.66842246]
 [ 0.31864098]
 [ 0.07437172]
 [-0.01141282]
 [ 0.01374513]
 [ 0.1414441 ]
 [ 0.37268195]
 [ 0.63276005]
 [ 0.823912  ]
 [ 0.9210823 ]
 [ 0.928981  ]
 [ 0.82334197]
 [ 0.64379674]
 [ 0.4196213 ]
 [ 0.1835098 ]
 [-0.01390855]
 [-0.01629208]
 [ 0.14762917]
 [ 0.31166518]
 [ 0.43706322]
 [ 0.6407025 ]
 [ 0.79454154]
 [ 0.8979842 ]
 [ 0.9030835 ]
 [ 0.79957646]
 [ 0.66909206]
 [ 0.60364044]
 [ 0.5675211 ]]
[[ 0.8159601 ]
 [ 0.9577656 ]
 [ 0.93084896]
 [ 0.71960974]
 [ 0.40653434]
 [ 0.22302958]
 [ 0.05453356]
 [ 0.20874137]
 [ 0.5110425 ]
 [ 0.7942592 ]
 [ 0.94458765]
 [ 0.93608594]
 [ 0.753298  ]
 [ 0.48805004]
 [ 0.19441253]
 [ 0.03567024]
 [ 0.08495697]
 [ 0.31461817]
 [ 0.6071592 ]
 [ 0.8660063 ]
 [ 0.9813229 ]
 [ 0.9171578 ]
 [ 0.66842246]
 [ 0.31864098]
 [ 0.07437172]
 [-0.01141282]
 [ 0.01374513]
 [ 0.1414441 ]
 [ 0.37268195]
 [ 0.63276005]
 [ 0.823912  ]
 [ 0.9210823 ]
 [ 0.928981  ]
 [ 0.82334197]
 [ 0.64379674]
 [ 0.4196213 ]
 [ 0.1835098 ]
 [-0.01390855]
 [-0.01629208]
 [ 0.14762917]
 [ 0.31166518]
 [ 0.43706322]
 [ 0.6407025 ]
 [ 0.79454154]
 [ 0.8979842 ]
 [ 0.9030835 ]
 [ 0.79957646]
 [ 0.66909206]
 [ 0.60364044]
 [ 0.5675211 ]]
[[ 0.8159601 ]
 [ 0.9577656 ]
 [ 0.93084896]
 [ 0.71960974]
 [ 0.40653434]
 [ 0.22302958]
 [ 0.05453356]
 [ 0.20874137]
 [ 0.5110425 ]
 [ 0.7942592 ]
 [ 0.94458765]
 [ 0.93608594]
 [ 0.753298  ]
 [ 0.48805004]
 [ 0.19441253]
 [ 0.03567024]
 [ 0.08495697]
 [ 0.31461817]
 [ 0.6071592 ]
 [ 0.8660063 ]
 [ 0.9813229 ]
 [ 0.9171578 ]
 [ 0.66842246]
 [ 0.31864098]
 [ 0.07437172]
 [-0.01141282]
 [ 0.01374513]
 [ 0.1414441 ]
 [ 0.37268195]
 [ 0.63276005]
 [ 0.823912  ]
 [ 0.9210823 ]
 [ 0.928981  ]
 [ 0.82334197]
 [ 0.64379674]
 [ 0.4196213 ]
 [ 0.1835098 ]
 [-0.01390855]
 [-0.01629208]
 [ 0.14762917]
 [ 0.31166518]
 [ 0.43706322]
 [ 0.6407025 ]
 [ 0.79454154]
 [ 0.8979842 ]
 [ 0.9030835 ]
 [ 0.79957646]
 [ 0.66909206]
 [ 0.60364044]
 [ 0.5675211 ]]
[[ 0.8159601 ]
 [ 0.9577656 ]
 [ 0.93084896]
 [ 0.71960974]
 [ 0.40653434]
 [ 0.22302958]
 [ 0.05453356]
 [ 0.20874137]
 [ 0.5110425 ]
 [ 0.7942592 ]
 [ 0.94458765]
 [ 0.93608594]
 [ 0.753298  ]
 [ 0.48805004]
 [ 0.19441253]
 [ 0.03567024]
 [ 0.08495697]
 [ 0.31461817]
 [ 0.6071592 ]
 [ 0.8660063 ]
 [ 0.9813229 ]
 [ 0.9171578 ]
 [ 0.66842246]
 [ 0.31864098]
 [ 0.07437172]
 [-0.01141282]
 [ 0.01374513]
 [ 0.1414441 ]
 [ 0.37268195]
 [ 0.63276005]
 [ 0.823912  ]
 [ 0.9210823 ]
 [ 0.928981  ]
 [ 0.82334197]
 [ 0.64379674]
 [ 0.4196213 ]
 [ 0.1835098 ]
 [-0.01390855]
 [-0.01629208]
 [ 0.14762917]
 [ 0.31166518]
 [ 0.43706322]
 [ 0.6407025 ]
 [ 0.79454154]
 [ 0.8979842 ]
 [ 0.9030835 ]
 [ 0.79957646]
 [ 0.66909206]
 [ 0.60364044]
 [ 0.5675211 ]]
[[ 0.8159601 ]
 [ 0.9577656 ]
 [ 0.93084896]
 [ 0.71960974]
 [ 0.40653434]
 [ 0.22302958]
 [ 0.05453356]
 [ 0.20874137]
 [ 0.5110425 ]
 [ 0.7942592 ]
 [ 0.94458765]
 [ 0.93608594]
 [ 0.753298  ]
 [ 0.48805004]
 [ 0.19441253]
 [ 0.03567024]
 [ 0.08495697]
 [ 0.31461817]
 [ 0.6071592 ]
 [ 0.8660063 ]
 [ 0.9813229 ]
 [ 0.9171578 ]
 [ 0.66842246]
 [ 0.31864098]
 [ 0.07437172]
 [-0.01141282]
 [ 0.01374513]
 [ 0.1414441 ]
 [ 0.37268195]
 [ 0.63276005]
 [ 0.823912  ]
 [ 0.9210823 ]
 [ 0.928981  ]
 [ 0.82334197]
 [ 0.64379674]
 [ 0.4196213 ]
 [ 0.1835098 ]
 [-0.01390855]
 [-0.01629208]
 [ 0.14762917]
 [ 0.31166518]
 [ 0.43706322]
 [ 0.6407025 ]
 [ 0.79454154]
 [ 0.8979842 ]
 [ 0.9030835 ]
 [ 0.79957646]
 [ 0.66909206]
 [ 0.60364044]
 [ 0.5675211 ]]
[[ 0.8159601 ]
 [ 0.9577656 ]
 [ 0.93084896]
 [ 0.71960974]
 [ 0.40653434]
 [ 0.22302958]
 [ 0.05453356]
 [ 0.20874137]
 [ 0.5110425 ]
 [ 0.7942592 ]
 [ 0.94458765]
 [ 0.93608594]
 [ 0.753298  ]
 [ 0.48805004]
 [ 0.19441253]
 [ 0.03567024]
 [ 0.08495697]
 [ 0.31461817]
 [ 0.6071592 ]
 [ 0.8660063 ]
 [ 0.9813229 ]
 [ 0.9171578 ]
 [ 0.66842246]
 [ 0.31864098]
 [ 0.07437172]
 [-0.01141282]
 [ 0.01374513]
 [ 0.1414441 ]
 [ 0.37268195]
 [ 0.63276005]
 [ 0.823912  ]
 [ 0.9210823 ]
 [ 0.928981  ]
 [ 0.82334197]
 [ 0.64379674]
 [ 0.4196213 ]
 [ 0.1835098 ]
 [-0.01390855]
 [-0.01629208]
 [ 0.14762917]
 [ 0.31166518]
 [ 0.43706322]
 [ 0.6407025 ]
 [ 0.79454154]
 [ 0.8979842 ]
 [ 0.9030835 ]
 [ 0.79957646]
 [ 0.66909206]
 [ 0.60364044]
 [ 0.5675211 ]]
[[ 0.8159601 ]
 [ 0.9577656 ]
 [ 0.93084896]
 [ 0.71960974]
 [ 0.40653434]
 [ 0.22302958]
 [ 0.05453356]
 [ 0.20874137]
 [ 0.5110425 ]
 [ 0.7942592 ]
 [ 0.94458765]
 [ 0.93608594]
 [ 0.753298  ]
 [ 0.48805004]
 [ 0.19441253]
 [ 0.03567024]
 [ 0.08495697]
 [ 0.31461817]
 [ 0.6071592 ]
 [ 0.8660063 ]
 [ 0.9813229 ]
 [ 0.9171578 ]
 [ 0.66842246]
 [ 0.31864098]
 [ 0.07437172]
 [-0.01141282]
 [ 0.01374513]
 [ 0.1414441 ]
 [ 0.37268195]
 [ 0.63276005]
 [ 0.823912  ]
 [ 0.9210823 ]
 [ 0.928981  ]
 [ 0.82334197]
 [ 0.64379674]
 [ 0.4196213 ]
 [ 0.1835098 ]
 [-0.01390855]
 [-0.01629208]
 [ 0.14762917]
 [ 0.31166518]
 [ 0.43706322]
 [ 0.6407025 ]
 [ 0.79454154]
 [ 0.8979842 ]
 [ 0.9030835 ]
 [ 0.79957646]
 [ 0.66909206]
 [ 0.60364044]
 [ 0.5675211 ]]
[[ 0.8159601 ]
 [ 0.9577656 ]
 [ 0.93084896]
 [ 0.71960974]
 [ 0.40653434]
 [ 0.22302958]
 [ 0.05453356]
 [ 0.20874137]
 [ 0.5110425 ]
 [ 0.7942592 ]
 [ 0.94458765]
 [ 0.93608594]
 [ 0.753298  ]
 [ 0.48805004]
 [ 0.19441253]
 [ 0.03567024]
 [ 0.08495697]
 [ 0.31461817]
 [ 0.6071592 ]
 [ 0.8660063 ]
 [ 0.9813229 ]
 [ 0.9171578 ]
 [ 0.66842246]
 [ 0.31864098]
 [ 0.07437172]
 [-0.01141282]
 [ 0.01374513]
 [ 0.1414441 ]
 [ 0.37268195]
 [ 0.63276005]
 [ 0.823912  ]
 [ 0.9210823 ]
 [ 0.928981  ]
 [ 0.82334197]
 [ 0.64379674]
 [ 0.4196213 ]
 [ 0.1835098 ]
 [-0.01390855]
 [-0.01629208]
 [ 0.14762917]
 [ 0.31166518]
 [ 0.43706322]
 [ 0.6407025 ]
 [ 0.79454154]
 [ 0.8979842 ]
 [ 0.9030835 ]
 [ 0.79957646]
 [ 0.66909206]
 [ 0.60364044]
 [ 0.5675211 ]]
[[ 0.8159601 ]
 [ 0.9577656 ]
 [ 0.93084896]
 [ 0.71960974]
 [ 0.40653434]
 [ 0.22302958]
 [ 0.05453356]
 [ 0.20874137]
 [ 0.5110425 ]
 [ 0.7942592 ]
 [ 0.94458765]
 [ 0.93608594]
 [ 0.753298  ]
 [ 0.48805004]
 [ 0.19441253]
 [ 0.03567024]
 [ 0.08495697]
 [ 0.31461817]
 [ 0.6071592 ]
 [ 0.8660063 ]
 [ 0.9813229 ]
 [ 0.9171578 ]
 [ 0.66842246]
 [ 0.31864098]
 [ 0.07437172]
 [-0.01141282]
 [ 0.01374513]
 [ 0.1414441 ]
 [ 0.37268195]
 [ 0.63276005]
 [ 0.823912  ]
 [ 0.9210823 ]
 [ 0.928981  ]
 [ 0.82334197]
 [ 0.64379674]
 [ 0.4196213 ]
 [ 0.1835098 ]
 [-0.01390855]
 [-0.01629208]
 [ 0.14762917]
 [ 0.31166518]
 [ 0.43706322]
 [ 0.6407025 ]
 [ 0.79454154]
 [ 0.8979842 ]
 [ 0.9030835 ]
 [ 0.79957646]
 [ 0.66909206]
 [ 0.60364044]
 [ 0.5675211 ]]
[[ 0.8159601 ]
 [ 0.9577656 ]
 [ 0.93084896]
 [ 0.71960974]
 [ 0.40653434]
 [ 0.22302958]
 [ 0.05453356]
 [ 0.20874137]
 [ 0.5110425 ]
 [ 0.7942592 ]
 [ 0.94458765]
 [ 0.93608594]
 [ 0.753298  ]
 [ 0.48805004]
 [ 0.19441253]
 [ 0.03567024]
 [ 0.08495697]
 [ 0.31461817]
 [ 0.6071592 ]
 [ 0.8660063 ]
 [ 0.9813229 ]
 [ 0.9171578 ]
 [ 0.66842246]
 [ 0.31864098]
 [ 0.07437172]
 [-0.01141282]
 [ 0.01374513]
 [ 0.1414441 ]
 [ 0.37268195]
 [ 0.63276005]
 [ 0.823912  ]
 [ 0.9210823 ]
 [ 0.928981  ]
 [ 0.82334197]
 [ 0.64379674]
 [ 0.4196213 ]
 [ 0.1835098 ]
 [-0.01390855]
 [-0.01629208]
 [ 0.14762917]
 [ 0.31166518]
 [ 0.43706322]
 [ 0.6407025 ]
 [ 0.79454154]
 [ 0.8979842 ]
 [ 0.9030835 ]
 [ 0.79957646]
 [ 0.66909206]
 [ 0.60364044]
 [ 0.5675211 ]]
[[ 0.8159601 ]
 [ 0.9577656 ]
 [ 0.93084896]
 [ 0.71960974]
 [ 0.40653434]
 [ 0.22302958]
 [ 0.05453356]
 [ 0.20874137]
 [ 0.5110425 ]
 [ 0.7942592 ]
 [ 0.94458765]
 [ 0.93608594]
 [ 0.753298  ]
 [ 0.48805004]
 [ 0.19441253]
 [ 0.03567024]
 [ 0.08495697]
 [ 0.31461817]
 [ 0.6071592 ]
 [ 0.8660063 ]
 [ 0.9813229 ]
 [ 0.9171578 ]
 [ 0.66842246]
 [ 0.31864098]
 [ 0.07437172]
 [-0.01141282]
 [ 0.01374513]
 [ 0.1414441 ]
 [ 0.37268195]
 [ 0.63276005]
 [ 0.823912  ]
 [ 0.9210823 ]
 [ 0.928981  ]
 [ 0.82334197]
 [ 0.64379674]
 [ 0.4196213 ]
 [ 0.1835098 ]
 [-0.01390855]
 [-0.01629208]
 [ 0.14762917]
 [ 0.31166518]
 [ 0.43706322]
 [ 0.6407025 ]
 [ 0.79454154]
 [ 0.8979842 ]
 [ 0.9030835 ]
 [ 0.79957646]
 [ 0.66909206]
 [ 0.60364044]
 [ 0.5675211 ]]
[[ 0.8159601 ]
 [ 0.9577656 ]
 [ 0.93084896]
 [ 0.71960974]
 [ 0.40653434]
 [ 0.22302958]
 [ 0.05453356]
 [ 0.20874137]
 [ 0.5110425 ]
 [ 0.7942592 ]
 [ 0.94458765]
 [ 0.93608594]
 [ 0.753298  ]
 [ 0.48805004]
 [ 0.19441253]
 [ 0.03567024]
 [ 0.08495697]
 [ 0.31461817]
 [ 0.6071592 ]
 [ 0.8660063 ]
 [ 0.9813229 ]
 [ 0.9171578 ]
 [ 0.66842246]
 [ 0.31864098]
 [ 0.07437172]
 [-0.01141282]
 [ 0.01374513]
 [ 0.1414441 ]
 [ 0.37268195]
 [ 0.63276005]
 [ 0.823912  ]
 [ 0.9210823 ]
 [ 0.928981  ]
 [ 0.82334197]
 [ 0.64379674]
 [ 0.4196213 ]
 [ 0.1835098 ]
 [-0.01390855]
 [-0.01629208]
 [ 0.14762917]
 [ 0.31166518]
 [ 0.43706322]
 [ 0.6407025 ]
 [ 0.79454154]
 [ 0.8979842 ]
 [ 0.9030835 ]
 [ 0.79957646]
 [ 0.66909206]
 [ 0.60364044]
 [ 0.5675211 ]]
[[ 0.8159601 ]
 [ 0.9577656 ]
 [ 0.93084896]
 [ 0.71960974]
 [ 0.40653434]
 [ 0.22302958]
 [ 0.05453356]
 [ 0.20874137]
 [ 0.5110425 ]
 [ 0.7942592 ]
 [ 0.94458765]
 [ 0.93608594]
 [ 0.753298  ]
 [ 0.48805004]
 [ 0.19441253]
 [ 0.03567024]
 [ 0.08495697]
 [ 0.31461817]
 [ 0.6071592 ]
 [ 0.8660063 ]
 [ 0.9813229 ]
 [ 0.9171578 ]
 [ 0.66842246]
 [ 0.31864098]
 [ 0.07437172]
 [-0.01141282]
 [ 0.01374513]
 [ 0.1414441 ]
 [ 0.37268195]
 [ 0.63276005]
 [ 0.823912  ]
 [ 0.9210823 ]
 [ 0.928981  ]
 [ 0.82334197]
 [ 0.64379674]
 [ 0.4196213 ]
 [ 0.1835098 ]
 [-0.01390855]
 [-0.01629208]
 [ 0.14762917]
 [ 0.31166518]
 [ 0.43706322]
 [ 0.6407025 ]
 [ 0.79454154]
 [ 0.8979842 ]
 [ 0.9030835 ]
 [ 0.79957646]
 [ 0.66909206]
 [ 0.60364044]
 [ 0.5675211 ]]
[[ 0.8159601 ]
 [ 0.9577656 ]
 [ 0.93084896]
 [ 0.71960974]
 [ 0.40653434]
 [ 0.22302958]
 [ 0.05453356]
 [ 0.20874137]
 [ 0.5110425 ]
 [ 0.7942592 ]
 [ 0.94458765]
 [ 0.93608594]
 [ 0.753298  ]
 [ 0.48805004]
 [ 0.19441253]
 [ 0.03567024]
 [ 0.08495697]
 [ 0.31461817]
 [ 0.6071592 ]
 [ 0.8660063 ]
 [ 0.9813229 ]
 [ 0.9171578 ]
 [ 0.66842246]
 [ 0.31864098]
 [ 0.07437172]
 [-0.01141282]
 [ 0.01374513]
 [ 0.1414441 ]
 [ 0.37268195]
 [ 0.63276005]
 [ 0.823912  ]
 [ 0.9210823 ]
 [ 0.928981  ]
 [ 0.82334197]
 [ 0.64379674]
 [ 0.4196213 ]
 [ 0.1835098 ]
 [-0.01390855]
 [-0.01629208]
 [ 0.14762917]
 [ 0.31166518]
 [ 0.43706322]
 [ 0.6407025 ]
 [ 0.79454154]
 [ 0.8979842 ]
 [ 0.9030835 ]
 [ 0.79957646]
 [ 0.66909206]
 [ 0.60364044]
 [ 0.5675211 ]]
[[ 0.8159601 ]
 [ 0.9577656 ]
 [ 0.93084896]
 [ 0.71960974]
 [ 0.40653434]
 [ 0.22302958]
 [ 0.05453356]
 [ 0.20874137]
 [ 0.5110425 ]
 [ 0.7942592 ]
 [ 0.94458765]
 [ 0.93608594]
 [ 0.753298  ]
 [ 0.48805004]
 [ 0.19441253]
 [ 0.03567024]
 [ 0.08495697]
 [ 0.31461817]
 [ 0.6071592 ]
 [ 0.8660063 ]
 [ 0.9813229 ]
 [ 0.9171578 ]
 [ 0.66842246]
 [ 0.31864098]
 [ 0.07437172]
 [-0.01141282]
 [ 0.01374513]
 [ 0.1414441 ]
 [ 0.37268195]
 [ 0.63276005]
 [ 0.823912  ]
 [ 0.9210823 ]
 [ 0.928981  ]
 [ 0.82334197]
 [ 0.64379674]
 [ 0.4196213 ]
 [ 0.1835098 ]
 [-0.01390855]
 [-0.01629208]
 [ 0.14762917]
 [ 0.31166518]
 [ 0.43706322]
 [ 0.6407025 ]
 [ 0.79454154]
 [ 0.8979842 ]
 [ 0.9030835 ]
 [ 0.79957646]
 [ 0.66909206]
 [ 0.60364044]
 [ 0.5675211 ]]
[[ 0.8159601 ]
 [ 0.9577656 ]
 [ 0.93084896]
 [ 0.71960974]
 [ 0.40653434]
 [ 0.22302958]
 [ 0.05453356]
 [ 0.20874137]
 [ 0.5110425 ]
 [ 0.7942592 ]
 [ 0.94458765]
 [ 0.93608594]
 [ 0.753298  ]
 [ 0.48805004]
 [ 0.19441253]
 [ 0.03567024]
 [ 0.08495697]
 [ 0.31461817]
 [ 0.6071592 ]
 [ 0.8660063 ]
 [ 0.9813229 ]
 [ 0.9171578 ]
 [ 0.66842246]
 [ 0.31864098]
 [ 0.07437172]
 [-0.01141282]
 [ 0.01374513]
 [ 0.1414441 ]
 [ 0.37268195]
 [ 0.63276005]
 [ 0.823912  ]
 [ 0.9210823 ]
 [ 0.928981  ]
 [ 0.82334197]
 [ 0.64379674]
 [ 0.4196213 ]
 [ 0.1835098 ]
 [-0.01390855]
 [-0.01629208]
 [ 0.14762917]
 [ 0.31166518]
 [ 0.43706322]
 [ 0.6407025 ]
 [ 0.79454154]
 [ 0.8979842 ]
 [ 0.9030835 ]
 [ 0.79957646]
 [ 0.66909206]
 [ 0.60364044]
 [ 0.5675211 ]]
[[ 0.8159601 ]
 [ 0.9577656 ]
 [ 0.93084896]
 [ 0.71960974]
 [ 0.40653434]
 [ 0.22302958]
 [ 0.05453356]
 [ 0.20874137]
 [ 0.5110425 ]
 [ 0.7942592 ]
 [ 0.94458765]
 [ 0.93608594]
 [ 0.753298  ]
 [ 0.48805004]
 [ 0.19441253]
 [ 0.03567024]
 [ 0.08495697]
 [ 0.31461817]
 [ 0.6071592 ]
 [ 0.8660063 ]
 [ 0.9813229 ]
 [ 0.9171578 ]
 [ 0.66842246]
 [ 0.31864098]
 [ 0.07437172]
 [-0.01141282]
 [ 0.01374513]
 [ 0.1414441 ]
 [ 0.37268195]
 [ 0.63276005]
 [ 0.823912  ]
 [ 0.9210823 ]
 [ 0.928981  ]
 [ 0.82334197]
 [ 0.64379674]
 [ 0.4196213 ]
 [ 0.1835098 ]
 [-0.01390855]
 [-0.01629208]
 [ 0.14762917]
 [ 0.31166518]
 [ 0.43706322]
 [ 0.6407025 ]
 [ 0.79454154]
 [ 0.8979842 ]
 [ 0.9030835 ]
 [ 0.79957646]
 [ 0.66909206]
 [ 0.60364044]
 [ 0.5675211 ]]
[[ 0.8159601 ]
 [ 0.9577656 ]
 [ 0.93084896]
 [ 0.71960974]
 [ 0.40653434]
 [ 0.22302958]
 [ 0.05453356]
 [ 0.20874137]
 [ 0.5110425 ]
 [ 0.7942592 ]
 [ 0.94458765]
 [ 0.93608594]
 [ 0.753298  ]
 [ 0.48805004]
 [ 0.19441253]
 [ 0.03567024]
 [ 0.08495697]
 [ 0.31461817]
 [ 0.6071592 ]
 [ 0.8660063 ]
 [ 0.9813229 ]
 [ 0.9171578 ]
 [ 0.66842246]
 [ 0.31864098]
 [ 0.07437172]
 [-0.01141282]
 [ 0.01374513]
 [ 0.1414441 ]
 [ 0.37268195]
 [ 0.63276005]
 [ 0.823912  ]
 [ 0.9210823 ]
 [ 0.928981  ]
 [ 0.82334197]
 [ 0.64379674]
 [ 0.4196213 ]
 [ 0.1835098 ]
 [-0.01390855]
 [-0.01629208]
 [ 0.14762917]
 [ 0.31166518]
 [ 0.43706322]
 [ 0.6407025 ]
 [ 0.79454154]
 [ 0.8979842 ]
 [ 0.9030835 ]
 [ 0.79957646]
 [ 0.66909206]
 [ 0.60364044]
 [ 0.5675211 ]]
[[ 0.8159601 ]
 [ 0.9577656 ]
 [ 0.93084896]
 [ 0.71960974]
 [ 0.40653434]
 [ 0.22302958]
 [ 0.05453356]
 [ 0.20874137]
 [ 0.5110425 ]
 [ 0.7942592 ]
 [ 0.94458765]
 [ 0.93608594]
 [ 0.753298  ]
 [ 0.48805004]
 [ 0.19441253]
 [ 0.03567024]
 [ 0.08495697]
 [ 0.31461817]
 [ 0.6071592 ]
 [ 0.8660063 ]
 [ 0.9813229 ]
 [ 0.9171578 ]
 [ 0.66842246]
 [ 0.31864098]
 [ 0.07437172]
 [-0.01141282]
 [ 0.01374513]
 [ 0.1414441 ]
 [ 0.37268195]
 [ 0.63276005]
 [ 0.823912  ]
 [ 0.9210823 ]
 [ 0.928981  ]
 [ 0.82334197]
 [ 0.64379674]
 [ 0.4196213 ]
 [ 0.1835098 ]
 [-0.01390855]
 [-0.01629208]
 [ 0.14762917]
 [ 0.31166518]
 [ 0.43706322]
 [ 0.6407025 ]
 [ 0.79454154]
 [ 0.8979842 ]
 [ 0.9030835 ]
 [ 0.79957646]
 [ 0.66909206]
 [ 0.60364044]
 [ 0.5675211 ]]
[[ 0.8159601 ]
 [ 0.9577656 ]
 [ 0.93084896]
 [ 0.71960974]
 [ 0.40653434]
 [ 0.22302958]
 [ 0.05453356]
 [ 0.20874137]
 [ 0.5110425 ]
 [ 0.7942592 ]
 [ 0.94458765]
 [ 0.93608594]
 [ 0.753298  ]
 [ 0.48805004]
 [ 0.19441253]
 [ 0.03567024]
 [ 0.08495697]
 [ 0.31461817]
 [ 0.6071592 ]
 [ 0.8660063 ]
 [ 0.9813229 ]
 [ 0.9171578 ]
 [ 0.66842246]
 [ 0.31864098]
 [ 0.07437172]
 [-0.01141282]
 [ 0.01374513]
 [ 0.1414441 ]
 [ 0.37268195]
 [ 0.63276005]
 [ 0.823912  ]
 [ 0.9210823 ]
 [ 0.928981  ]
 [ 0.82334197]
 [ 0.64379674]
 [ 0.4196213 ]
 [ 0.1835098 ]
 [-0.01390855]
 [-0.01629208]
 [ 0.14762917]
 [ 0.31166518]
 [ 0.43706322]
 [ 0.6407025 ]
 [ 0.79454154]
 [ 0.8979842 ]
 [ 0.9030835 ]
 [ 0.79957646]
 [ 0.66909206]
 [ 0.60364044]
 [ 0.5675211 ]]
[[ 0.8159601 ]
 [ 0.9577656 ]
 [ 0.93084896]
 [ 0.71960974]
 [ 0.40653434]
 [ 0.22302958]
 [ 0.05453356]
 [ 0.20874137]
 [ 0.5110425 ]
 [ 0.7942592 ]
 [ 0.94458765]
 [ 0.93608594]
 [ 0.753298  ]
 [ 0.48805004]
 [ 0.19441253]
 [ 0.03567024]
 [ 0.08495697]
 [ 0.31461817]
 [ 0.6071592 ]
 [ 0.8660063 ]
 [ 0.9813229 ]
 [ 0.9171578 ]
 [ 0.66842246]
 [ 0.31864098]
 [ 0.07437172]
 [-0.01141282]
 [ 0.01374513]
 [ 0.1414441 ]
 [ 0.37268195]
 [ 0.63276005]
 [ 0.823912  ]
 [ 0.9210823 ]
 [ 0.928981  ]
 [ 0.82334197]
 [ 0.64379674]
 [ 0.4196213 ]
 [ 0.1835098 ]
 [-0.01390855]
 [-0.01629208]
 [ 0.14762917]
 [ 0.31166518]
 [ 0.43706322]
 [ 0.6407025 ]
 [ 0.79454154]
 [ 0.8979842 ]
 [ 0.9030835 ]
 [ 0.79957646]
 [ 0.66909206]
 [ 0.60364044]
 [ 0.5675211 ]]
[[ 0.8159601 ]
 [ 0.9577656 ]
 [ 0.93084896]
 [ 0.71960974]
 [ 0.40653434]
 [ 0.22302958]
 [ 0.05453356]
 [ 0.20874137]
 [ 0.5110425 ]
 [ 0.7942592 ]
 [ 0.94458765]
 [ 0.93608594]
 [ 0.753298  ]
 [ 0.48805004]
 [ 0.19441253]
 [ 0.03567024]
 [ 0.08495697]
 [ 0.31461817]
 [ 0.6071592 ]
 [ 0.8660063 ]
 [ 0.9813229 ]
 [ 0.9171578 ]
 [ 0.66842246]
 [ 0.31864098]
 [ 0.07437172]
 [-0.01141282]
 [ 0.01374513]
 [ 0.1414441 ]
 [ 0.37268195]
 [ 0.63276005]
 [ 0.823912  ]
 [ 0.9210823 ]
 [ 0.928981  ]
 [ 0.82334197]
 [ 0.64379674]
 [ 0.4196213 ]
 [ 0.1835098 ]
 [-0.01390855]
 [-0.01629208]
 [ 0.14762917]
 [ 0.31166518]
 [ 0.43706322]
 [ 0.6407025 ]
 [ 0.79454154]
 [ 0.8979842 ]
 [ 0.9030835 ]
 [ 0.79957646]
 [ 0.66909206]
 [ 0.60364044]
 [ 0.5675211 ]]
[[ 0.8159601 ]
 [ 0.9577656 ]
 [ 0.93084896]
 [ 0.71960974]
 [ 0.40653434]
 [ 0.22302958]
 [ 0.05453356]
 [ 0.20874137]
 [ 0.5110425 ]
 [ 0.7942592 ]
 [ 0.94458765]
 [ 0.93608594]
 [ 0.753298  ]
 [ 0.48805004]
 [ 0.19441253]
 [ 0.03567024]
 [ 0.08495697]
 [ 0.31461817]
 [ 0.6071592 ]
 [ 0.8660063 ]
 [ 0.9813229 ]
 [ 0.9171578 ]
 [ 0.66842246]
 [ 0.31864098]
 [ 0.07437172]
 [-0.01141282]
 [ 0.01374513]
 [ 0.1414441 ]
 [ 0.37268195]
 [ 0.63276005]
 [ 0.823912  ]
 [ 0.9210823 ]
 [ 0.928981  ]
 [ 0.82334197]
 [ 0.64379674]
 [ 0.4196213 ]
 [ 0.1835098 ]
 [-0.01390855]
 [-0.01629208]
 [ 0.14762917]
 [ 0.31166518]
 [ 0.43706322]
 [ 0.6407025 ]
 [ 0.79454154]
 [ 0.8979842 ]
 [ 0.9030835 ]
 [ 0.79957646]
 [ 0.66909206]
 [ 0.60364044]
 [ 0.5675211 ]]
[[ 0.8159601 ]
 [ 0.9577656 ]
 [ 0.93084896]
 [ 0.71960974]
 [ 0.40653434]
 [ 0.22302958]
 [ 0.05453356]
 [ 0.20874137]
 [ 0.5110425 ]
 [ 0.7942592 ]
 [ 0.94458765]
 [ 0.93608594]
 [ 0.753298  ]
 [ 0.48805004]
 [ 0.19441253]
 [ 0.03567024]
 [ 0.08495697]
 [ 0.31461817]
 [ 0.6071592 ]
 [ 0.8660063 ]
 [ 0.9813229 ]
 [ 0.9171578 ]
 [ 0.66842246]
 [ 0.31864098]
 [ 0.07437172]
 [-0.01141282]
 [ 0.01374513]
 [ 0.1414441 ]
 [ 0.37268195]
 [ 0.63276005]
 [ 0.823912  ]
 [ 0.9210823 ]
 [ 0.928981  ]
 [ 0.82334197]
 [ 0.64379674]
 [ 0.4196213 ]
 [ 0.1835098 ]
 [-0.01390855]
 [-0.01629208]
 [ 0.14762917]
 [ 0.31166518]
 [ 0.43706322]
 [ 0.6407025 ]
 [ 0.79454154]
 [ 0.8979842 ]
 [ 0.9030835 ]
 [ 0.79957646]
 [ 0.66909206]
 [ 0.60364044]
 [ 0.5675211 ]]
[[ 0.8159601 ]
 [ 0.9577656 ]
 [ 0.93084896]
 [ 0.71960974]
 [ 0.40653434]
 [ 0.22302958]
 [ 0.05453356]
 [ 0.20874137]
 [ 0.5110425 ]
 [ 0.7942592 ]
 [ 0.94458765]
 [ 0.93608594]
 [ 0.753298  ]
 [ 0.48805004]
 [ 0.19441253]
 [ 0.03567024]
 [ 0.08495697]
 [ 0.31461817]
 [ 0.6071592 ]
 [ 0.8660063 ]
 [ 0.9813229 ]
 [ 0.9171578 ]
 [ 0.66842246]
 [ 0.31864098]
 [ 0.07437172]
 [-0.01141282]
 [ 0.01374513]
 [ 0.1414441 ]
 [ 0.37268195]
 [ 0.63276005]
 [ 0.823912  ]
 [ 0.9210823 ]
 [ 0.928981  ]
 [ 0.82334197]
 [ 0.64379674]
 [ 0.4196213 ]
 [ 0.1835098 ]
 [-0.01390855]
 [-0.01629208]
 [ 0.14762917]
 [ 0.31166518]
 [ 0.43706322]
 [ 0.6407025 ]
 [ 0.79454154]
 [ 0.8979842 ]
 [ 0.9030835 ]
 [ 0.79957646]
 [ 0.66909206]
 [ 0.60364044]
 [ 0.5675211 ]]
[[ 0.8159601 ]
 [ 0.9577656 ]
 [ 0.93084896]
 [ 0.71960974]
 [ 0.40653434]
 [ 0.22302958]
 [ 0.05453356]
 [ 0.20874137]
 [ 0.5110425 ]
 [ 0.7942592 ]
 [ 0.94458765]
 [ 0.93608594]
 [ 0.753298  ]
 [ 0.48805004]
 [ 0.19441253]
 [ 0.03567024]
 [ 0.08495697]
 [ 0.31461817]
 [ 0.6071592 ]
 [ 0.8660063 ]
 [ 0.9813229 ]
 [ 0.9171578 ]
 [ 0.66842246]
 [ 0.31864098]
 [ 0.07437172]
 [-0.01141282]
 [ 0.01374513]
 [ 0.1414441 ]
 [ 0.37268195]
 [ 0.63276005]
 [ 0.823912  ]
 [ 0.9210823 ]
 [ 0.928981  ]
 [ 0.82334197]
 [ 0.64379674]
 [ 0.4196213 ]
 [ 0.1835098 ]
 [-0.01390855]
 [-0.01629208]
 [ 0.14762917]
 [ 0.31166518]
 [ 0.43706322]
 [ 0.6407025 ]
 [ 0.79454154]
 [ 0.8979842 ]
 [ 0.9030835 ]
 [ 0.79957646]
 [ 0.66909206]
 [ 0.60364044]
 [ 0.5675211 ]]
[[ 0.8159601 ]
 [ 0.9577656 ]
 [ 0.93084896]
 [ 0.71960974]
 [ 0.40653434]
 [ 0.22302958]
 [ 0.05453356]
 [ 0.20874137]
 [ 0.5110425 ]
 [ 0.7942592 ]
 [ 0.94458765]
 [ 0.93608594]
 [ 0.753298  ]
 [ 0.48805004]
 [ 0.19441253]
 [ 0.03567024]
 [ 0.08495697]
 [ 0.31461817]
 [ 0.6071592 ]
 [ 0.8660063 ]
 [ 0.9813229 ]
 [ 0.9171578 ]
 [ 0.66842246]
 [ 0.31864098]
 [ 0.07437172]
 [-0.01141282]
 [ 0.01374513]
 [ 0.1414441 ]
 [ 0.37268195]
 [ 0.63276005]
 [ 0.823912  ]
 [ 0.9210823 ]
 [ 0.928981  ]
 [ 0.82334197]
 [ 0.64379674]
 [ 0.4196213 ]
 [ 0.1835098 ]
 [-0.01390855]
 [-0.01629208]
 [ 0.14762917]
 [ 0.31166518]
 [ 0.43706322]
 [ 0.6407025 ]
 [ 0.79454154]
 [ 0.8979842 ]
 [ 0.9030835 ]
 [ 0.79957646]
 [ 0.66909206]
 [ 0.60364044]
 [ 0.5675211 ]]
[[ 0.8159601 ]
 [ 0.9577656 ]
 [ 0.93084896]
 [ 0.71960974]
 [ 0.40653434]
 [ 0.22302958]
 [ 0.05453356]
 [ 0.20874137]
 [ 0.5110425 ]
 [ 0.7942592 ]
 [ 0.94458765]
 [ 0.93608594]
 [ 0.753298  ]
 [ 0.48805004]
 [ 0.19441253]
 [ 0.03567024]
 [ 0.08495697]
 [ 0.31461817]
 [ 0.6071592 ]
 [ 0.8660063 ]
 [ 0.9813229 ]
 [ 0.9171578 ]
 [ 0.66842246]
 [ 0.31864098]
 [ 0.07437172]
 [-0.01141282]
 [ 0.01374513]
 [ 0.1414441 ]
 [ 0.37268195]
 [ 0.63276005]
 [ 0.823912  ]
 [ 0.9210823 ]
 [ 0.928981  ]
 [ 0.82334197]
 [ 0.64379674]
 [ 0.4196213 ]
 [ 0.1835098 ]
 [-0.01390855]
 [-0.01629208]
 [ 0.14762917]
 [ 0.31166518]
 [ 0.43706322]
 [ 0.6407025 ]
 [ 0.79454154]
 [ 0.8979842 ]
 [ 0.9030835 ]
 [ 0.79957646]
 [ 0.66909206]
 [ 0.60364044]
 [ 0.5675211 ]]
[[ 0.8159601 ]
 [ 0.9577656 ]
 [ 0.93084896]
 [ 0.71960974]
 [ 0.40653434]
 [ 0.22302958]
 [ 0.05453356]
 [ 0.20874137]
 [ 0.5110425 ]
 [ 0.7942592 ]
 [ 0.94458765]
 [ 0.93608594]
 [ 0.753298  ]
 [ 0.48805004]
 [ 0.19441253]
 [ 0.03567024]
 [ 0.08495697]
 [ 0.31461817]
 [ 0.6071592 ]
 [ 0.8660063 ]
 [ 0.9813229 ]
 [ 0.9171578 ]
 [ 0.66842246]
 [ 0.31864098]
 [ 0.07437172]
 [-0.01141282]
 [ 0.01374513]
 [ 0.1414441 ]
 [ 0.37268195]
 [ 0.63276005]
 [ 0.823912  ]
 [ 0.9210823 ]
 [ 0.928981  ]
 [ 0.82334197]
 [ 0.64379674]
 [ 0.4196213 ]
 [ 0.1835098 ]
 [-0.01390855]
 [-0.01629208]
 [ 0.14762917]
 [ 0.31166518]
 [ 0.43706322]
 [ 0.6407025 ]
 [ 0.79454154]
 [ 0.8979842 ]
 [ 0.9030835 ]
 [ 0.79957646]
 [ 0.66909206]
 [ 0.60364044]
 [ 0.5675211 ]]
[[ 0.8159601 ]
 [ 0.9577656 ]
 [ 0.93084896]
 [ 0.71960974]
 [ 0.40653434]
 [ 0.22302958]
 [ 0.05453356]
 [ 0.20874137]
 [ 0.5110425 ]
 [ 0.7942592 ]
 [ 0.94458765]
 [ 0.93608594]
 [ 0.753298  ]
 [ 0.48805004]
 [ 0.19441253]
 [ 0.03567024]
 [ 0.08495697]
 [ 0.31461817]
 [ 0.6071592 ]
 [ 0.8660063 ]
 [ 0.9813229 ]
 [ 0.9171578 ]
 [ 0.66842246]
 [ 0.31864098]
 [ 0.07437172]
 [-0.01141282]
 [ 0.01374513]
 [ 0.1414441 ]
 [ 0.37268195]
 [ 0.63276005]
 [ 0.823912  ]
 [ 0.9210823 ]
 [ 0.928981  ]
 [ 0.82334197]
 [ 0.64379674]
 [ 0.4196213 ]
 [ 0.1835098 ]
 [-0.01390855]
 [-0.01629208]
 [ 0.14762917]
 [ 0.31166518]
 [ 0.43706322]
 [ 0.6407025 ]
 [ 0.79454154]
 [ 0.8979842 ]
 [ 0.9030835 ]
 [ 0.79957646]
 [ 0.66909206]
 [ 0.60364044]
 [ 0.5675211 ]]
[[ 0.8159601 ]
 [ 0.9577656 ]
 [ 0.93084896]
 [ 0.71960974]
 [ 0.40653434]
 [ 0.22302958]
 [ 0.05453356]
 [ 0.20874137]
 [ 0.5110425 ]
 [ 0.7942592 ]
 [ 0.94458765]
 [ 0.93608594]
 [ 0.753298  ]
 [ 0.48805004]
 [ 0.19441253]
 [ 0.03567024]
 [ 0.08495697]
 [ 0.31461817]
 [ 0.6071592 ]
 [ 0.8660063 ]
 [ 0.9813229 ]
 [ 0.9171578 ]
 [ 0.66842246]
 [ 0.31864098]
 [ 0.07437172]
 [-0.01141282]
 [ 0.01374513]
 [ 0.1414441 ]
 [ 0.37268195]
 [ 0.63276005]
 [ 0.823912  ]
 [ 0.9210823 ]
 [ 0.928981  ]
 [ 0.82334197]
 [ 0.64379674]
 [ 0.4196213 ]
 [ 0.1835098 ]
 [-0.01390855]
 [-0.01629208]
 [ 0.14762917]
 [ 0.31166518]
 [ 0.43706322]
 [ 0.6407025 ]
 [ 0.79454154]
 [ 0.8979842 ]
 [ 0.9030835 ]
 [ 0.79957646]
 [ 0.66909206]
 [ 0.60364044]
 [ 0.5675211 ]]
[[ 0.8159601 ]
 [ 0.9577656 ]
 [ 0.93084896]
 [ 0.71960974]
 [ 0.40653434]
 [ 0.22302958]
 [ 0.05453356]
 [ 0.20874137]
 [ 0.5110425 ]
 [ 0.7942592 ]
 [ 0.94458765]
 [ 0.93608594]
 [ 0.753298  ]
 [ 0.48805004]
 [ 0.19441253]
 [ 0.03567024]
 [ 0.08495697]
 [ 0.31461817]
 [ 0.6071592 ]
 [ 0.8660063 ]
 [ 0.9813229 ]
 [ 0.9171578 ]
 [ 0.66842246]
 [ 0.31864098]
 [ 0.07437172]
 [-0.01141282]
 [ 0.01374513]
 [ 0.1414441 ]
 [ 0.37268195]
 [ 0.63276005]
 [ 0.823912  ]
 [ 0.9210823 ]
 [ 0.928981  ]
 [ 0.82334197]
 [ 0.64379674]
 [ 0.4196213 ]
 [ 0.1835098 ]
 [-0.01390855]
 [-0.01629208]
 [ 0.14762917]
 [ 0.31166518]
 [ 0.43706322]
 [ 0.6407025 ]
 [ 0.79454154]
 [ 0.8979842 ]
 [ 0.9030835 ]
 [ 0.79957646]
 [ 0.66909206]
 [ 0.60364044]
 [ 0.5675211 ]]
[[ 0.8159601 ]
 [ 0.9577656 ]
 [ 0.93084896]
 [ 0.71960974]
 [ 0.40653434]
 [ 0.22302958]
 [ 0.05453356]
 [ 0.20874137]
 [ 0.5110425 ]
 [ 0.7942592 ]
 [ 0.94458765]
 [ 0.93608594]
 [ 0.753298  ]
 [ 0.48805004]
 [ 0.19441253]
 [ 0.03567024]
 [ 0.08495697]
 [ 0.31461817]
 [ 0.6071592 ]
 [ 0.8660063 ]
 [ 0.9813229 ]
 [ 0.9171578 ]
 [ 0.66842246]
 [ 0.31864098]
 [ 0.07437172]
 [-0.01141282]
 [ 0.01374513]
 [ 0.1414441 ]
 [ 0.37268195]
 [ 0.63276005]
 [ 0.823912  ]
 [ 0.9210823 ]
 [ 0.928981  ]
 [ 0.82334197]
 [ 0.64379674]
 [ 0.4196213 ]
 [ 0.1835098 ]
 [-0.01390855]
 [-0.01629208]
 [ 0.14762917]
 [ 0.31166518]
 [ 0.43706322]
 [ 0.6407025 ]
 [ 0.79454154]
 [ 0.8979842 ]
 [ 0.9030835 ]
 [ 0.79957646]
 [ 0.66909206]
 [ 0.60364044]
 [ 0.5675211 ]]
[[ 0.8159601 ]
 [ 0.9577656 ]
 [ 0.93084896]
 [ 0.71960974]
 [ 0.40653434]
 [ 0.22302958]
 [ 0.05453356]
 [ 0.20874137]
 [ 0.5110425 ]
 [ 0.7942592 ]
 [ 0.94458765]
 [ 0.93608594]
 [ 0.753298  ]
 [ 0.48805004]
 [ 0.19441253]
 [ 0.03567024]
 [ 0.08495697]
 [ 0.31461817]
 [ 0.6071592 ]
 [ 0.8660063 ]
 [ 0.9813229 ]
 [ 0.9171578 ]
 [ 0.66842246]
 [ 0.31864098]
 [ 0.07437172]
 [-0.01141282]
 [ 0.01374513]
 [ 0.1414441 ]
 [ 0.37268195]
 [ 0.63276005]
 [ 0.823912  ]
 [ 0.9210823 ]
 [ 0.928981  ]
 [ 0.82334197]
 [ 0.64379674]
 [ 0.4196213 ]
 [ 0.1835098 ]
 [-0.01390855]
 [-0.01629208]
 [ 0.14762917]
 [ 0.31166518]
 [ 0.43706322]
 [ 0.6407025 ]
 [ 0.79454154]
 [ 0.8979842 ]
 [ 0.9030835 ]
 [ 0.79957646]
 [ 0.66909206]
 [ 0.60364044]
 [ 0.5675211 ]]
[[ 0.8159601 ]
 [ 0.9577656 ]
 [ 0.93084896]
 [ 0.71960974]
 [ 0.40653434]
 [ 0.22302958]
 [ 0.05453356]
 [ 0.20874137]
 [ 0.5110425 ]
 [ 0.7942592 ]
 [ 0.94458765]
 [ 0.93608594]
 [ 0.753298  ]
 [ 0.48805004]
 [ 0.19441253]
 [ 0.03567024]
 [ 0.08495697]
 [ 0.31461817]
 [ 0.6071592 ]
 [ 0.8660063 ]
 [ 0.9813229 ]
 [ 0.9171578 ]
 [ 0.66842246]
 [ 0.31864098]
 [ 0.07437172]
 [-0.01141282]
 [ 0.01374513]
 [ 0.1414441 ]
 [ 0.37268195]
 [ 0.63276005]
 [ 0.823912  ]
 [ 0.9210823 ]
 [ 0.928981  ]
 [ 0.82334197]
 [ 0.64379674]
 [ 0.4196213 ]
 [ 0.1835098 ]
 [-0.01390855]
 [-0.01629208]
 [ 0.14762917]
 [ 0.31166518]
 [ 0.43706322]
 [ 0.6407025 ]
 [ 0.79454154]
 [ 0.8979842 ]
 [ 0.9030835 ]
 [ 0.79957646]
 [ 0.66909206]
 [ 0.60364044]
 [ 0.5675211 ]]
[[ 0.8159601 ]
 [ 0.9577656 ]
 [ 0.93084896]
 [ 0.71960974]
 [ 0.40653434]
 [ 0.22302958]
 [ 0.05453356]
 [ 0.20874137]
 [ 0.5110425 ]
 [ 0.7942592 ]
 [ 0.94458765]
 [ 0.93608594]
 [ 0.753298  ]
 [ 0.48805004]
 [ 0.19441253]
 [ 0.03567024]
 [ 0.08495697]
 [ 0.31461817]
 [ 0.6071592 ]
 [ 0.8660063 ]
 [ 0.9813229 ]
 [ 0.9171578 ]
 [ 0.66842246]
 [ 0.31864098]
 [ 0.07437172]
 [-0.01141282]
 [ 0.01374513]
 [ 0.1414441 ]
 [ 0.37268195]
 [ 0.63276005]
 [ 0.823912  ]
 [ 0.9210823 ]
 [ 0.928981  ]
 [ 0.82334197]
 [ 0.64379674]
 [ 0.4196213 ]
 [ 0.1835098 ]
 [-0.01390855]
 [-0.01629208]
 [ 0.14762917]
 [ 0.31166518]
 [ 0.43706322]
 [ 0.6407025 ]
 [ 0.79454154]
 [ 0.8979842 ]
 [ 0.9030835 ]
 [ 0.79957646]
 [ 0.66909206]
 [ 0.60364044]
 [ 0.5675211 ]]
[[ 0.8159601 ]
 [ 0.9577656 ]
 [ 0.93084896]
 [ 0.71960974]
 [ 0.40653434]
 [ 0.22302958]
 [ 0.05453356]
 [ 0.20874137]
 [ 0.5110425 ]
 [ 0.7942592 ]
 [ 0.94458765]
 [ 0.93608594]
 [ 0.753298  ]
 [ 0.48805004]
 [ 0.19441253]
 [ 0.03567024]
 [ 0.08495697]
 [ 0.31461817]
 [ 0.6071592 ]
 [ 0.8660063 ]
 [ 0.9813229 ]
 [ 0.9171578 ]
 [ 0.66842246]
 [ 0.31864098]
 [ 0.07437172]
 [-0.01141282]
 [ 0.01374513]
 [ 0.1414441 ]
 [ 0.37268195]
 [ 0.63276005]
 [ 0.823912  ]
 [ 0.9210823 ]
 [ 0.928981  ]
 [ 0.82334197]
 [ 0.64379674]
 [ 0.4196213 ]
 [ 0.1835098 ]
 [-0.01390855]
 [-0.01629208]
 [ 0.14762917]
 [ 0.31166518]
 [ 0.43706322]
 [ 0.6407025 ]
 [ 0.79454154]
 [ 0.8979842 ]
 [ 0.9030835 ]
 [ 0.79957646]
 [ 0.66909206]
 [ 0.60364044]
 [ 0.5675211 ]]
[[ 0.8159601 ]
 [ 0.9577656 ]
 [ 0.93084896]
 [ 0.71960974]
 [ 0.40653434]
 [ 0.22302958]
 [ 0.05453356]
 [ 0.20874137]
 [ 0.5110425 ]
 [ 0.7942592 ]
 [ 0.94458765]
 [ 0.93608594]
 [ 0.753298  ]
 [ 0.48805004]
 [ 0.19441253]
 [ 0.03567024]
 [ 0.08495697]
 [ 0.31461817]
 [ 0.6071592 ]
 [ 0.8660063 ]
 [ 0.9813229 ]
 [ 0.9171578 ]
 [ 0.66842246]
 [ 0.31864098]
 [ 0.07437172]
 [-0.01141282]
 [ 0.01374513]
 [ 0.1414441 ]
 [ 0.37268195]
 [ 0.63276005]
 [ 0.823912  ]
 [ 0.9210823 ]
 [ 0.928981  ]
 [ 0.82334197]
 [ 0.64379674]
 [ 0.4196213 ]
 [ 0.1835098 ]
 [-0.01390855]
 [-0.01629208]
 [ 0.14762917]
 [ 0.31166518]
 [ 0.43706322]
 [ 0.6407025 ]
 [ 0.79454154]
 [ 0.8979842 ]
 [ 0.9030835 ]
 [ 0.79957646]
 [ 0.66909206]
 [ 0.60364044]
 [ 0.5675211 ]]
[[ 0.8159601 ]
 [ 0.9577656 ]
 [ 0.93084896]
 [ 0.71960974]
 [ 0.40653434]
 [ 0.22302958]
 [ 0.05453356]
 [ 0.20874137]
 [ 0.5110425 ]
 [ 0.7942592 ]
 [ 0.94458765]
 [ 0.93608594]
 [ 0.753298  ]
 [ 0.48805004]
 [ 0.19441253]
 [ 0.03567024]
 [ 0.08495697]
 [ 0.31461817]
 [ 0.6071592 ]
 [ 0.8660063 ]
 [ 0.9813229 ]
 [ 0.9171578 ]
 [ 0.66842246]
 [ 0.31864098]
 [ 0.07437172]
 [-0.01141282]
 [ 0.01374513]
 [ 0.1414441 ]
 [ 0.37268195]
 [ 0.63276005]
 [ 0.823912  ]
 [ 0.9210823 ]
 [ 0.928981  ]
 [ 0.82334197]
 [ 0.64379674]
 [ 0.4196213 ]
 [ 0.1835098 ]
 [-0.01390855]
 [-0.01629208]
 [ 0.14762917]
 [ 0.31166518]
 [ 0.43706322]
 [ 0.6407025 ]
 [ 0.79454154]
 [ 0.8979842 ]
 [ 0.9030835 ]
 [ 0.79957646]
 [ 0.66909206]
 [ 0.60364044]
 [ 0.5675211 ]]
[[ 0.8159601 ]
 [ 0.9577656 ]
 [ 0.93084896]
 [ 0.71960974]
 [ 0.40653434]
 [ 0.22302958]
 [ 0.05453356]
 [ 0.20874137]
 [ 0.5110425 ]
 [ 0.7942592 ]
 [ 0.94458765]
 [ 0.93608594]
 [ 0.753298  ]
 [ 0.48805004]
 [ 0.19441253]
 [ 0.03567024]
 [ 0.08495697]
 [ 0.31461817]
 [ 0.6071592 ]
 [ 0.8660063 ]
 [ 0.9813229 ]
 [ 0.9171578 ]
 [ 0.66842246]
 [ 0.31864098]
 [ 0.07437172]
 [-0.01141282]
 [ 0.01374513]
 [ 0.1414441 ]
 [ 0.37268195]
 [ 0.63276005]
 [ 0.823912  ]
 [ 0.9210823 ]
 [ 0.928981  ]
 [ 0.82334197]
 [ 0.64379674]
 [ 0.4196213 ]
 [ 0.1835098 ]
 [-0.01390855]
 [-0.01629208]
 [ 0.14762917]
 [ 0.31166518]
 [ 0.43706322]
 [ 0.6407025 ]
 [ 0.79454154]
 [ 0.8979842 ]
 [ 0.9030835 ]
 [ 0.79957646]
 [ 0.66909206]
 [ 0.60364044]
 [ 0.5675211 ]]
[[ 0.8159601 ]
 [ 0.9577656 ]
 [ 0.93084896]
 [ 0.71960974]
 [ 0.40653434]
 [ 0.22302958]
 [ 0.05453356]
 [ 0.20874137]
 [ 0.5110425 ]
 [ 0.7942592 ]
 [ 0.94458765]
 [ 0.93608594]
 [ 0.753298  ]
 [ 0.48805004]
 [ 0.19441253]
 [ 0.03567024]
 [ 0.08495697]
 [ 0.31461817]
 [ 0.6071592 ]
 [ 0.8660063 ]
 [ 0.9813229 ]
 [ 0.9171578 ]
 [ 0.66842246]
 [ 0.31864098]
 [ 0.07437172]
 [-0.01141282]
 [ 0.01374513]
 [ 0.1414441 ]
 [ 0.37268195]
 [ 0.63276005]
 [ 0.823912  ]
 [ 0.9210823 ]
 [ 0.928981  ]
 [ 0.82334197]
 [ 0.64379674]
 [ 0.4196213 ]
 [ 0.1835098 ]
 [-0.01390855]
 [-0.01629208]
 [ 0.14762917]
 [ 0.31166518]
 [ 0.43706322]
 [ 0.6407025 ]
 [ 0.79454154]
 [ 0.8979842 ]
 [ 0.9030835 ]
 [ 0.79957646]
 [ 0.66909206]
 [ 0.60364044]
 [ 0.5675211 ]]
[[ 0.8159601 ]
 [ 0.9577656 ]
 [ 0.93084896]
 [ 0.71960974]
 [ 0.40653434]
 [ 0.22302958]
 [ 0.05453356]
 [ 0.20874137]
 [ 0.5110425 ]
 [ 0.7942592 ]
 [ 0.94458765]
 [ 0.93608594]
 [ 0.753298  ]
 [ 0.48805004]
 [ 0.19441253]
 [ 0.03567024]
 [ 0.08495697]
 [ 0.31461817]
 [ 0.6071592 ]
 [ 0.8660063 ]
 [ 0.9813229 ]
 [ 0.9171578 ]
 [ 0.66842246]
 [ 0.31864098]
 [ 0.07437172]
 [-0.01141282]
 [ 0.01374513]
 [ 0.1414441 ]
 [ 0.37268195]
 [ 0.63276005]
 [ 0.823912  ]
 [ 0.9210823 ]
 [ 0.928981  ]
 [ 0.82334197]
 [ 0.64379674]
 [ 0.4196213 ]
 [ 0.1835098 ]
 [-0.01390855]
 [-0.01629208]
 [ 0.14762917]
 [ 0.31166518]
 [ 0.43706322]
 [ 0.6407025 ]
 [ 0.79454154]
 [ 0.8979842 ]
 [ 0.9030835 ]
 [ 0.79957646]
 [ 0.66909206]
 [ 0.60364044]
 [ 0.5675211 ]]
[[ 0.8159601 ]
 [ 0.9577656 ]
 [ 0.93084896]
 [ 0.71960974]
 [ 0.40653434]
 [ 0.22302958]
 [ 0.05453356]
 [ 0.20874137]
 [ 0.5110425 ]
 [ 0.7942592 ]
 [ 0.94458765]
 [ 0.93608594]
 [ 0.753298  ]
 [ 0.48805004]
 [ 0.19441253]
 [ 0.03567024]
 [ 0.08495697]
 [ 0.31461817]
 [ 0.6071592 ]
 [ 0.8660063 ]
 [ 0.9813229 ]
 [ 0.9171578 ]
 [ 0.66842246]
 [ 0.31864098]
 [ 0.07437172]
 [-0.01141282]
 [ 0.01374513]
 [ 0.1414441 ]
 [ 0.37268195]
 [ 0.63276005]
 [ 0.823912  ]
 [ 0.9210823 ]
 [ 0.928981  ]
 [ 0.82334197]
 [ 0.64379674]
 [ 0.4196213 ]
 [ 0.1835098 ]
 [-0.01390855]
 [-0.01629208]
 [ 0.14762917]
 [ 0.31166518]
 [ 0.43706322]
 [ 0.6407025 ]
 [ 0.79454154]
 [ 0.8979842 ]
 [ 0.9030835 ]
 [ 0.79957646]
 [ 0.66909206]
 [ 0.60364044]
 [ 0.5675211 ]]
[[ 0.8159601 ]
 [ 0.9577656 ]
 [ 0.93084896]
 [ 0.71960974]
 [ 0.40653434]
 [ 0.22302958]
 [ 0.05453356]
 [ 0.20874137]
 [ 0.5110425 ]
 [ 0.7942592 ]
 [ 0.94458765]
 [ 0.93608594]
 [ 0.753298  ]
 [ 0.48805004]
 [ 0.19441253]
 [ 0.03567024]
 [ 0.08495697]
 [ 0.31461817]
 [ 0.6071592 ]
 [ 0.8660063 ]
 [ 0.9813229 ]
 [ 0.9171578 ]
 [ 0.66842246]
 [ 0.31864098]
 [ 0.07437172]
 [-0.01141282]
 [ 0.01374513]
 [ 0.1414441 ]
 [ 0.37268195]
 [ 0.63276005]
 [ 0.823912  ]
 [ 0.9210823 ]
 [ 0.928981  ]
 [ 0.82334197]
 [ 0.64379674]
 [ 0.4196213 ]
 [ 0.1835098 ]
 [-0.01390855]
 [-0.01629208]
 [ 0.14762917]
 [ 0.31166518]
 [ 0.43706322]
 [ 0.6407025 ]
 [ 0.79454154]
 [ 0.8979842 ]
 [ 0.9030835 ]
 [ 0.79957646]
 [ 0.66909206]
 [ 0.60364044]
 [ 0.5675211 ]]
[[ 0.8159601 ]
 [ 0.9577656 ]
 [ 0.93084896]
 [ 0.71960974]
 [ 0.40653434]
 [ 0.22302958]
 [ 0.05453356]
 [ 0.20874137]
 [ 0.5110425 ]
 [ 0.7942592 ]
 [ 0.94458765]
 [ 0.93608594]
 [ 0.753298  ]
 [ 0.48805004]
 [ 0.19441253]
 [ 0.03567024]
 [ 0.08495697]
 [ 0.31461817]
 [ 0.6071592 ]
 [ 0.8660063 ]
 [ 0.9813229 ]
 [ 0.9171578 ]
 [ 0.66842246]
 [ 0.31864098]
 [ 0.07437172]
 [-0.01141282]
 [ 0.01374513]
 [ 0.1414441 ]
 [ 0.37268195]
 [ 0.63276005]
 [ 0.823912  ]
 [ 0.9210823 ]
 [ 0.928981  ]
 [ 0.82334197]
 [ 0.64379674]
 [ 0.4196213 ]
 [ 0.1835098 ]
 [-0.01390855]
 [-0.01629208]
 [ 0.14762917]
 [ 0.31166518]
 [ 0.43706322]
 [ 0.6407025 ]
 [ 0.79454154]
 [ 0.8979842 ]
 [ 0.9030835 ]
 [ 0.79957646]
 [ 0.66909206]
 [ 0.60364044]
 [ 0.5675211 ]]
