[[0.8086806 ]
 [0.35162425]
 [0.5447986 ]
 [0.5872717 ]
 [0.5421415 ]
 [0.50927824]
 [0.5179727 ]
 [0.5995015 ]
 [0.76729   ]
 [0.8695349 ]
 [0.46176353]
 [0.12246977]
 [0.23793747]
 [0.60190004]
 [0.5248729 ]
 [0.36290523]
 [0.30116737]
 [0.32747266]
 [0.43640575]
 [0.54451406]
 [0.5949122 ]
 [0.6054385 ]
 [0.5969284 ]
 [0.57948315]
 [0.5576066 ]]
[[0.8086806 ]
 [0.35162425]
 [0.5447986 ]
 [0.5872717 ]
 [0.5421415 ]
 [0.50927824]
 [0.5179727 ]
 [0.5995015 ]
 [0.76729   ]
 [0.8695349 ]
 [0.46176353]
 [0.12246977]
 [0.23793747]
 [0.60190004]
 [0.5248729 ]
 [0.36290523]
 [0.30116737]
 [0.32747266]
 [0.43640575]
 [0.54451406]
 [0.5949122 ]
 [0.6054385 ]
 [0.5969284 ]
 [0.57948315]
 [0.5576066 ]]
[[0.8086806 ]
 [0.35162425]
 [0.5447986 ]
 [0.5872717 ]
 [0.5421415 ]
 [0.50927824]
 [0.5179727 ]
 [0.5995015 ]
 [0.76729   ]
 [0.8695349 ]
 [0.46176353]
 [0.12246977]
 [0.23793747]
 [0.60190004]
 [0.5248729 ]
 [0.36290523]
 [0.30116737]
 [0.32747266]
 [0.43640575]
 [0.54451406]
 [0.5949122 ]
 [0.6054385 ]
 [0.5969284 ]
 [0.57948315]
 [0.5576066 ]]
[[0.8086806 ]
 [0.35162425]
 [0.5447986 ]
 [0.5872717 ]
 [0.5421415 ]
 [0.50927824]
 [0.5179727 ]
 [0.5995015 ]
 [0.76729   ]
 [0.8695349 ]
 [0.46176353]
 [0.12246977]
 [0.23793747]
 [0.60190004]
 [0.5248729 ]
 [0.36290523]
 [0.30116737]
 [0.32747266]
 [0.43640575]
 [0.54451406]
 [0.5949122 ]
 [0.6054385 ]
 [0.5969284 ]
 [0.57948315]
 [0.5576066 ]]
[[0.8086806 ]
 [0.35162425]
 [0.5447986 ]
 [0.5872717 ]
 [0.5421415 ]
 [0.50927824]
 [0.5179727 ]
 [0.5995015 ]
 [0.76729   ]
 [0.8695349 ]
 [0.46176353]
 [0.12246977]
 [0.23793747]
 [0.60190004]
 [0.5248729 ]
 [0.36290523]
 [0.30116737]
 [0.32747266]
 [0.43640575]
 [0.54451406]
 [0.5949122 ]
 [0.6054385 ]
 [0.5969284 ]
 [0.57948315]
 [0.5576066 ]]
[[0.8086806 ]
 [0.35162425]
 [0.5447986 ]
 [0.5872717 ]
 [0.5421415 ]
 [0.50927824]
 [0.5179727 ]
 [0.5995015 ]
 [0.76729   ]
 [0.8695349 ]
 [0.46176353]
 [0.12246977]
 [0.23793747]
 [0.60190004]
 [0.5248729 ]
 [0.36290523]
 [0.30116737]
 [0.32747266]
 [0.43640575]
 [0.54451406]
 [0.5949122 ]
 [0.6054385 ]
 [0.5969284 ]
 [0.57948315]
 [0.5576066 ]]
[[0.8086806 ]
 [0.35162425]
 [0.5447986 ]
 [0.5872717 ]
 [0.5421415 ]
 [0.50927824]
 [0.5179727 ]
 [0.5995015 ]
 [0.76729   ]
 [0.8695349 ]
 [0.46176353]
 [0.12246977]
 [0.23793747]
 [0.60190004]
 [0.5248729 ]
 [0.36290523]
 [0.30116737]
 [0.32747266]
 [0.43640575]
 [0.54451406]
 [0.5949122 ]
 [0.6054385 ]
 [0.5969284 ]
 [0.57948315]
 [0.5576066 ]]
[[0.8086806 ]
 [0.35162425]
 [0.5447986 ]
 [0.5872717 ]
 [0.5421415 ]
 [0.50927824]
 [0.5179727 ]
 [0.5995015 ]
 [0.76729   ]
 [0.8695349 ]
 [0.46176353]
 [0.12246977]
 [0.23793747]
 [0.60190004]
 [0.5248729 ]
 [0.36290523]
 [0.30116737]
 [0.32747266]
 [0.43640575]
 [0.54451406]
 [0.5949122 ]
 [0.6054385 ]
 [0.5969284 ]
 [0.57948315]
 [0.5576066 ]]
[[0.8086806 ]
 [0.35162425]
 [0.5447986 ]
 [0.5872717 ]
 [0.5421415 ]
 [0.50927824]
 [0.5179727 ]
 [0.5995015 ]
 [0.76729   ]
 [0.8695349 ]
 [0.46176353]
 [0.12246977]
 [0.23793747]
 [0.60190004]
 [0.5248729 ]
 [0.36290523]
 [0.30116737]
 [0.32747266]
 [0.43640575]
 [0.54451406]
 [0.5949122 ]
 [0.6054385 ]
 [0.5969284 ]
 [0.57948315]
 [0.5576066 ]]
[[0.8086806 ]
 [0.35162425]
 [0.5447986 ]
 [0.5872717 ]
 [0.5421415 ]
 [0.50927824]
 [0.5179727 ]
 [0.5995015 ]
 [0.76729   ]
 [0.8695349 ]
 [0.46176353]
 [0.12246977]
 [0.23793747]
 [0.60190004]
 [0.5248729 ]
 [0.36290523]
 [0.30116737]
 [0.32747266]
 [0.43640575]
 [0.54451406]
 [0.5949122 ]
 [0.6054385 ]
 [0.5969284 ]
 [0.57948315]
 [0.5576066 ]]
[[0.8086806 ]
 [0.35162425]
 [0.5447986 ]
 [0.5872717 ]
 [0.5421415 ]
 [0.50927824]
 [0.5179727 ]
 [0.5995015 ]
 [0.76729   ]
 [0.8695349 ]
 [0.46176353]
 [0.12246977]
 [0.23793747]
 [0.60190004]
 [0.5248729 ]
 [0.36290523]
 [0.30116737]
 [0.32747266]
 [0.43640575]
 [0.54451406]
 [0.5949122 ]
 [0.6054385 ]
 [0.5969284 ]
 [0.57948315]
 [0.5576066 ]]
[[0.8086806 ]
 [0.35162425]
 [0.5447986 ]
 [0.5872717 ]
 [0.5421415 ]
 [0.50927824]
 [0.5179727 ]
 [0.5995015 ]
 [0.76729   ]
 [0.8695349 ]
 [0.46176353]
 [0.12246977]
 [0.23793747]
 [0.60190004]
 [0.5248729 ]
 [0.36290523]
 [0.30116737]
 [0.32747266]
 [0.43640575]
 [0.54451406]
 [0.5949122 ]
 [0.6054385 ]
 [0.5969284 ]
 [0.57948315]
 [0.5576066 ]]
[[0.8086806 ]
 [0.35162425]
 [0.5447986 ]
 [0.5872717 ]
 [0.5421415 ]
 [0.50927824]
 [0.5179727 ]
 [0.5995015 ]
 [0.76729   ]
 [0.8695349 ]
 [0.46176353]
 [0.12246977]
 [0.23793747]
 [0.60190004]
 [0.5248729 ]
 [0.36290523]
 [0.30116737]
 [0.32747266]
 [0.43640575]
 [0.54451406]
 [0.5949122 ]
 [0.6054385 ]
 [0.5969284 ]
 [0.57948315]
 [0.5576066 ]]
[[0.8086806 ]
 [0.35162425]
 [0.5447986 ]
 [0.5872717 ]
 [0.5421415 ]
 [0.50927824]
 [0.5179727 ]
 [0.5995015 ]
 [0.76729   ]
 [0.8695349 ]
 [0.46176353]
 [0.12246977]
 [0.23793747]
 [0.60190004]
 [0.5248729 ]
 [0.36290523]
 [0.30116737]
 [0.32747266]
 [0.43640575]
 [0.54451406]
 [0.5949122 ]
 [0.6054385 ]
 [0.5969284 ]
 [0.57948315]
 [0.5576066 ]]
[[0.8086806 ]
 [0.35162425]
 [0.5447986 ]
 [0.5872717 ]
 [0.5421415 ]
 [0.50927824]
 [0.5179727 ]
 [0.5995015 ]
 [0.76729   ]
 [0.8695349 ]
 [0.46176353]
 [0.12246977]
 [0.23793747]
 [0.60190004]
 [0.5248729 ]
 [0.36290523]
 [0.30116737]
 [0.32747266]
 [0.43640575]
 [0.54451406]
 [0.5949122 ]
 [0.6054385 ]
 [0.5969284 ]
 [0.57948315]
 [0.5576066 ]]
[[0.8086806 ]
 [0.35162425]
 [0.5447986 ]
 [0.5872717 ]
 [0.5421415 ]
 [0.50927824]
 [0.5179727 ]
 [0.5995015 ]
 [0.76729   ]
 [0.8695349 ]
 [0.46176353]
 [0.12246977]
 [0.23793747]
 [0.60190004]
 [0.5248729 ]
 [0.36290523]
 [0.30116737]
 [0.32747266]
 [0.43640575]
 [0.54451406]
 [0.5949122 ]
 [0.6054385 ]
 [0.5969284 ]
 [0.57948315]
 [0.5576066 ]]
[[0.8086806 ]
 [0.35162425]
 [0.5447986 ]
 [0.5872717 ]
 [0.5421415 ]
 [0.50927824]
 [0.5179727 ]
 [0.5995015 ]
 [0.76729   ]
 [0.8695349 ]
 [0.46176353]
 [0.12246977]
 [0.23793747]
 [0.60190004]
 [0.5248729 ]
 [0.36290523]
 [0.30116737]
 [0.32747266]
 [0.43640575]
 [0.54451406]
 [0.5949122 ]
 [0.6054385 ]
 [0.5969284 ]
 [0.57948315]
 [0.5576066 ]]
[[0.8086806 ]
 [0.35162425]
 [0.5447986 ]
 [0.5872717 ]
 [0.5421415 ]
 [0.50927824]
 [0.5179727 ]
 [0.5995015 ]
 [0.76729   ]
 [0.8695349 ]
 [0.46176353]
 [0.12246977]
 [0.23793747]
 [0.60190004]
 [0.5248729 ]
 [0.36290523]
 [0.30116737]
 [0.32747266]
 [0.43640575]
 [0.54451406]
 [0.5949122 ]
 [0.6054385 ]
 [0.5969284 ]
 [0.57948315]
 [0.5576066 ]]
[[0.8086806 ]
 [0.35162425]
 [0.5447986 ]
 [0.5872717 ]
 [0.5421415 ]
 [0.50927824]
 [0.5179727 ]
 [0.5995015 ]
 [0.76729   ]
 [0.8695349 ]
 [0.46176353]
 [0.12246977]
 [0.23793747]
 [0.60190004]
 [0.5248729 ]
 [0.36290523]
 [0.30116737]
 [0.32747266]
 [0.43640575]
 [0.54451406]
 [0.5949122 ]
 [0.6054385 ]
 [0.5969284 ]
 [0.57948315]
 [0.5576066 ]]
[[0.8086806 ]
 [0.35162425]
 [0.5447986 ]
 [0.5872717 ]
 [0.5421415 ]
 [0.50927824]
 [0.5179727 ]
 [0.5995015 ]
 [0.76729   ]
 [0.8695349 ]
 [0.46176353]
 [0.12246977]
 [0.23793747]
 [0.60190004]
 [0.5248729 ]
 [0.36290523]
 [0.30116737]
 [0.32747266]
 [0.43640575]
 [0.54451406]
 [0.5949122 ]
 [0.6054385 ]
 [0.5969284 ]
 [0.57948315]
 [0.5576066 ]]
[[0.8086806 ]
 [0.35162425]
 [0.5447986 ]
 [0.5872717 ]
 [0.5421415 ]
 [0.50927824]
 [0.5179727 ]
 [0.5995015 ]
 [0.76729   ]
 [0.8695349 ]
 [0.46176353]
 [0.12246977]
 [0.23793747]
 [0.60190004]
 [0.5248729 ]
 [0.36290523]
 [0.30116737]
 [0.32747266]
 [0.43640575]
 [0.54451406]
 [0.5949122 ]
 [0.6054385 ]
 [0.5969284 ]
 [0.57948315]
 [0.5576066 ]]
[[0.8086806 ]
 [0.35162425]
 [0.5447986 ]
 [0.5872717 ]
 [0.5421415 ]
 [0.50927824]
 [0.5179727 ]
 [0.5995015 ]
 [0.76729   ]
 [0.8695349 ]
 [0.46176353]
 [0.12246977]
 [0.23793747]
 [0.60190004]
 [0.5248729 ]
 [0.36290523]
 [0.30116737]
 [0.32747266]
 [0.43640575]
 [0.54451406]
 [0.5949122 ]
 [0.6054385 ]
 [0.5969284 ]
 [0.57948315]
 [0.5576066 ]]
[[0.8086806 ]
 [0.35162425]
 [0.5447986 ]
 [0.5872717 ]
 [0.5421415 ]
 [0.50927824]
 [0.5179727 ]
 [0.5995015 ]
 [0.76729   ]
 [0.8695349 ]
 [0.46176353]
 [0.12246977]
 [0.23793747]
 [0.60190004]
 [0.5248729 ]
 [0.36290523]
 [0.30116737]
 [0.32747266]
 [0.43640575]
 [0.54451406]
 [0.5949122 ]
 [0.6054385 ]
 [0.5969284 ]
 [0.57948315]
 [0.5576066 ]]
[[0.8086806 ]
 [0.35162425]
 [0.5447986 ]
 [0.5872717 ]
 [0.5421415 ]
 [0.50927824]
 [0.5179727 ]
 [0.5995015 ]
 [0.76729   ]
 [0.8695349 ]
 [0.46176353]
 [0.12246977]
 [0.23793747]
 [0.60190004]
 [0.5248729 ]
 [0.36290523]
 [0.30116737]
 [0.32747266]
 [0.43640575]
 [0.54451406]
 [0.5949122 ]
 [0.6054385 ]
 [0.5969284 ]
 [0.57948315]
 [0.5576066 ]]
[[0.8086806 ]
 [0.35162425]
 [0.5447986 ]
 [0.5872717 ]
 [0.5421415 ]
 [0.50927824]
 [0.5179727 ]
 [0.5995015 ]
 [0.76729   ]
 [0.8695349 ]
 [0.46176353]
 [0.12246977]
 [0.23793747]
 [0.60190004]
 [0.5248729 ]
 [0.36290523]
 [0.30116737]
 [0.32747266]
 [0.43640575]
 [0.54451406]
 [0.5949122 ]
 [0.6054385 ]
 [0.5969284 ]
 [0.57948315]
 [0.5576066 ]]
