   6.5000000e+04   3.5000000e-01   1.0047136e+03
   6.5000000e+04   3.5000000e-01   1.6066485e+03
   6.5000000e+04   3.5000000e-01   1.3942480e+03
   6.5000000e+04   3.5000000e-01   1.4276694e+03
   6.5000000e+04   3.5000000e-01   1.2384477e+03
   6.5000000e+04   3.5000000e-01   1.7623941e+03
   6.5000000e+04   3.5000000e-01   1.6785320e+03
   6.5000000e+04   3.5000000e-01   1.0754724e+03
   6.5000000e+04   3.5000000e-01   1.8270600e+03
   6.5000000e+04   3.5000000e-01   1.4199050e+03
   6.5000000e+04   3.5000000e-01   1.0206192e+03
   6.5000000e+04   3.5000000e-01   1.3790460e+03
   6.5000000e+04   3.5000000e-01   1.9153864e+03
   6.5000000e+04   3.5000000e-01   1.5130041e+03
   6.5000000e+04   3.5000000e-01   1.5559979e+03
   6.5000000e+04   3.5000000e-01   1.6811097e+03
   6.5000000e+04   3.5000000e-01   1.3838791e+03
   6.5000000e+04   3.5000000e-01   1.2602362e+03
   6.5000000e+04   3.5000000e-01   1.9943621e+03
   6.5000000e+04   3.5000000e-01   1.8882229e+03
   6.5000000e+04   3.5000000e-01   1.1260783e+03
   6.5000000e+04   3.5000000e-01   1.8775182e+03
   6.5000000e+04   3.5000000e-01   1.5886468e+03
   6.5000000e+04   3.5000000e-01   1.9717267e+03
   6.5000000e+04   3.5000000e-01   1.4487230e+03
   6.5000000e+04   3.5000000e-01   1.4389634e+03
   6.5000000e+04   3.5000000e-01   1.8577457e+03
   6.5000000e+04   3.5000000e-01   1.8445256e+03
   6.5000000e+04   3.5000000e-01   1.4812356e+03
   6.5000000e+04   3.5000000e-01   1.2966799e+03
   6.5000000e+04   3.5000000e-01   1.3362942e+03
   6.5000000e+04   3.5000000e-01   1.4721390e+03
   6.5000000e+04   3.5000000e-01   1.1849990e+03
   6.5000000e+04   3.5000000e-01   1.0390959e+03
   6.5000000e+04   3.5000000e-01   1.8666307e+03
   6.5000000e+04   3.5000000e-01   1.0993705e+03
   6.5000000e+04   3.5000000e-01   1.2165011e+03
   6.5000000e+04   3.5000000e-01   1.6229518e+03
   6.5000000e+04   3.5000000e-01   1.2835258e+03
   6.5000000e+04   3.5000000e-01   1.8085662e+03
   6.5000000e+04   3.5000000e-01   1.7197730e+03
   6.5000000e+04   3.5000000e-01   1.0481134e+03
   6.5000000e+04   3.5000000e-01   1.7249796e+03
   6.5000000e+04   3.5000000e-01   1.6679331e+03
   6.5000000e+04   3.5000000e-01   1.8916403e+03
   6.5000000e+04   3.5000000e-01   1.9232704e+03
   6.5000000e+04   3.5000000e-01   1.3098323e+03
   6.5000000e+04   3.5000000e-01   1.4551766e+03
   6.5000000e+04   3.5000000e-01   1.1688153e+03
   6.5000000e+04   3.5000000e-01   1.1083212e+03
   6.5000000e+04   3.5000000e-01   1.5283847e+03
   6.5000000e+04   3.5000000e-01   1.1564694e+03
   6.5000000e+04   3.5000000e-01   1.3255011e+03
   6.5000000e+04   3.5000000e-01   1.3415770e+03
   6.5000000e+04   3.5000000e-01   1.4908740e+03
   6.5000000e+04   3.5000000e-01   1.6323731e+03
   6.5000000e+04   3.5000000e-01   1.0197731e+03
   6.5000000e+04   3.5000000e-01   1.7307339e+03
   6.5000000e+04   3.5000000e-01   1.7042762e+03
   6.5000000e+04   3.5000000e-01   1.2510428e+03
   6.5000000e+04   3.5000000e-01   1.9611536e+03
   6.5000000e+04   3.5000000e-01   1.1123219e+03
   6.5000000e+04   3.5000000e-01   1.1482239e+03
   6.5000000e+04   3.5000000e-01   1.1954056e+03
   6.5000000e+04   3.5000000e-01   1.9437739e+03
   6.5000000e+04   3.5000000e-01   1.2052918e+03
   6.5000000e+04   3.5000000e-01   1.1350670e+03
   6.5000000e+04   3.5000000e-01   1.3531211e+03
   6.5000000e+04   3.5000000e-01   1.7896584e+03
   6.5000000e+04   3.5000000e-01   1.9890880e+03
   6.5000000e+04   3.5000000e-01   1.7999751e+03
   6.5000000e+04   3.5000000e-01   1.0817724e+03
   6.5000000e+04   3.5000000e-01   1.5638659e+03
   6.5000000e+04   3.5000000e-01   1.2256920e+03
   6.5000000e+04   3.5000000e-01   1.5306264e+03
   6.5000000e+04   3.5000000e-01   1.9397381e+03
   6.5000000e+04   3.5000000e-01   1.4081830e+03
   6.5000000e+04   3.5000000e-01   1.9557218e+03
   6.5000000e+04   3.5000000e-01   1.7477686e+03
   6.5000000e+04   3.5000000e-01   1.0531081e+03
   6.5000000e+04   3.5000000e-01   1.1769190e+03
   6.5000000e+04   3.5000000e-01   1.8154993e+03
   6.5000000e+04   3.5000000e-01   1.3185705e+03
   6.5000000e+04   3.5000000e-01   1.7518809e+03
   6.5000000e+04   3.5000000e-01   1.8305940e+03
   6.5000000e+04   3.5000000e-01   1.5098628e+03
   6.5000000e+04   3.5000000e-01   1.4655663e+03
   6.5000000e+04   3.5000000e-01   1.6444523e+03
   6.5000000e+04   3.5000000e-01   1.2767775e+03
   6.5000000e+04   3.5000000e-01   1.6112874e+03
   6.5000000e+04   3.5000000e-01   1.9085414e+03
   6.5000000e+04   3.5000000e-01   1.7705581e+03
   6.5000000e+04   3.5000000e-01   1.6941149e+03
   6.5000000e+04   3.5000000e-01   1.6534595e+03
   6.5000000e+04   3.5000000e-01   1.5483411e+03
   6.5000000e+04   3.5000000e-01   1.5934915e+03
   6.5000000e+04   3.5000000e-01   1.3603099e+03
   6.5000000e+04   3.5000000e-01   1.5715312e+03
   6.5000000e+04   3.5000000e-01   1.0646818e+03
   6.5000000e+04   3.5000000e-01   1.2446968e+03
