   8.6448091e-02   8.6372278e-02   8.6441506e-02   8.6445792e-02
   1.3824008e-01   1.3811885e-01   1.3822955e-01   1.3823640e-01
   1.1996461e-01   1.1985940e-01   1.1995547e-01   1.1996142e-01
   1.2284027e-01   1.2273254e-01   1.2283091e-01   1.2283700e-01
   1.0655916e-01   1.0646571e-01   1.0655104e-01   1.0655632e-01
   1.5164082e-01   1.5150784e-01   1.5162927e-01   1.5163679e-01
   1.4442512e-01   1.4429847e-01   1.4441412e-01   1.4442128e-01
   9.2536353e-02   9.2455201e-02   9.2529305e-02   9.2533893e-02
   1.5720485e-01   1.5706698e-01   1.5719287e-01   1.5720067e-01
   1.2217220e-01   1.2206506e-01   1.2216290e-01   1.2216895e-01
   8.7816650e-02   8.7739636e-02   8.7809960e-02   8.7814315e-02
   1.1865659e-01   1.1855253e-01   1.1864755e-01   1.1865343e-01
   1.6480467e-01   1.6466014e-01   1.6479211e-01   1.6480028e-01
   1.3018268e-01   1.3006852e-01   1.3017277e-01   1.3017922e-01
   1.3388198e-01   1.3376457e-01   1.3387178e-01   1.3387842e-01
   1.4464691e-01   1.4452006e-01   1.4463589e-01   1.4464306e-01
   1.1907244e-01   1.1896802e-01   1.1906337e-01   1.1906927e-01
   1.0843389e-01   1.0833880e-01   1.0842564e-01   1.0843101e-01
   1.7159994e-01   1.7144945e-01   1.7158687e-01   1.7159538e-01
   1.6246745e-01   1.6232497e-01   1.6245508e-01   1.6246313e-01
   9.6890608e-02   9.6805637e-02   9.6883228e-02   9.6888032e-02
   1.6154639e-01   1.6140472e-01   1.6153408e-01   1.6154209e-01
   1.3669117e-01   1.3657129e-01   1.3668075e-01   1.3668753e-01
   1.6965233e-01   1.6950354e-01   1.6963940e-01   1.6964782e-01
   1.2465178e-01   1.2454246e-01   1.2464228e-01   1.2464846e-01
   1.2381203e-01   1.2370345e-01   1.2380260e-01   1.2380874e-01
   1.5984512e-01   1.5970494e-01   1.5983294e-01   1.5984087e-01
   1.5870763e-01   1.5856844e-01   1.5869554e-01   1.5870341e-01
   1.2744924e-01   1.2733747e-01   1.2743953e-01   1.2744585e-01
   1.1156960e-01   1.1147176e-01   1.1156110e-01   1.1156664e-01
   1.1497812e-01   1.1487728e-01   1.1496936e-01   1.1497506e-01
   1.2666654e-01   1.2655546e-01   1.2665689e-01   1.2666317e-01
   1.0196030e-01   1.0187088e-01   1.0195253e-01   1.0195759e-01
   8.9406431e-02   8.9328024e-02   8.9399621e-02   8.9404054e-02
   1.6060961e-01   1.6046876e-01   1.6059737e-01   1.6060534e-01
   9.4592610e-02   9.4509654e-02   9.4585404e-02   9.4590095e-02
   1.0467082e-01   1.0457903e-01   1.0466285e-01   1.0466804e-01
   1.3964286e-01   1.3952040e-01   1.3963223e-01   1.3963915e-01
   1.1043779e-01   1.1034094e-01   1.1042938e-01   1.1043486e-01
   1.5561359e-01   1.5547712e-01   1.5560174e-01   1.5560945e-01
   1.4797360e-01   1.4784383e-01   1.4796233e-01   1.4796966e-01
   9.0182312e-02   9.0103224e-02   9.0175442e-02   9.0179914e-02
   1.4842159e-01   1.4829142e-01   1.4841028e-01   1.4841764e-01
   1.4351316e-01   1.4338730e-01   1.4350223e-01   1.4350934e-01
   1.6276149e-01   1.6261875e-01   1.6274909e-01   1.6275716e-01
   1.6548302e-01   1.6533790e-01   1.6547042e-01   1.6547862e-01
   1.1270127e-01   1.1260243e-01   1.1269268e-01   1.1269827e-01
   1.2520706e-01   1.2509725e-01   1.2519752e-01   1.2520373e-01
   1.0056781e-01   1.0047962e-01   1.0056015e-01   1.0056514e-01
   9.5362743e-02   9.5279112e-02   9.5355479e-02   9.5360208e-02
   1.3150607e-01   1.3139074e-01   1.3149605e-01   1.3150257e-01
   9.9505543e-02   9.9418278e-02   9.9497963e-02   9.9502897e-02
   1.1404946e-01   1.1394944e-01   1.1404077e-01   1.1404642e-01
   1.1543266e-01   1.1533143e-01   1.1542387e-01   1.1542960e-01
   1.2827855e-01   1.2816605e-01   1.2826878e-01   1.2827514e-01
   1.4045350e-01   1.4033032e-01   1.4044280e-01   1.4044976e-01
   8.7743847e-02   8.7666898e-02   8.7737164e-02   8.7741514e-02
   1.4891670e-01   1.4878611e-01   1.4890536e-01   1.4891274e-01
   1.4664022e-01   1.4651162e-01   1.4662905e-01   1.4663632e-01
   1.0764287e-01   1.0754847e-01   1.0763467e-01   1.0764001e-01
   1.6874260e-01   1.6859461e-01   1.6872974e-01   1.6873811e-01
   9.5706975e-02   9.5623042e-02   9.5699685e-02   9.5704430e-02
   9.8796078e-02   9.8709436e-02   9.8788552e-02   9.8793451e-02
   1.0285570e-01   1.0276550e-01   1.0284787e-01   1.0285297e-01
   1.6724720e-01   1.6710053e-01   1.6723446e-01   1.6724275e-01
   1.0370634e-01   1.0361539e-01   1.0369844e-01   1.0370359e-01
   9.7664023e-02   9.7578374e-02   9.7656584e-02   9.7661426e-02
   1.1642595e-01   1.1632384e-01   1.1641708e-01   1.1642285e-01
   1.5398672e-01   1.5385167e-01   1.5397499e-01   1.5398262e-01
   1.7114614e-01   1.7099605e-01   1.7113310e-01   1.7114159e-01
   1.5487439e-01   1.5473857e-01   1.5486260e-01   1.5487027e-01
   9.3078417e-02   9.2996790e-02   9.3071327e-02   9.3075943e-02
   1.3455896e-01   1.3444096e-01   1.3454871e-01   1.3455538e-01
   1.0546163e-01   1.0536914e-01   1.0545360e-01   1.0545883e-01
   1.3169895e-01   1.3158345e-01   1.3168891e-01   1.3169544e-01
   1.6689995e-01   1.6675358e-01   1.6688724e-01   1.6689552e-01
   1.2116361e-01   1.2105735e-01   1.2115438e-01   1.2116039e-01
   1.6827522e-01   1.6812765e-01   1.6826241e-01   1.6827075e-01
   1.5038241e-01   1.5025053e-01   1.5037096e-01   1.5037842e-01
   9.0612069e-02   9.0532604e-02   9.0605167e-02   9.0609660e-02
   1.0126508e-01   1.0117627e-01   1.0125736e-01   1.0126238e-01
   1.5621013e-01   1.5607314e-01   1.5619823e-01   1.5620598e-01
   1.1345313e-01   1.1335363e-01   1.1344449e-01   1.1345011e-01
   1.5073624e-01   1.5060405e-01   1.5072476e-01   1.5073223e-01
   1.5750891e-01   1.5737078e-01   1.5749692e-01   1.5750473e-01
   1.2991240e-01   1.2979847e-01   1.2990250e-01   1.2990894e-01
   1.2610101e-01   1.2599042e-01   1.2609141e-01   1.2609766e-01
   1.4149281e-01   1.4136873e-01   1.4148204e-01   1.4148905e-01
   1.0985715e-01   1.0976081e-01   1.0984878e-01   1.0985423e-01
   1.3863922e-01   1.3851764e-01   1.3862866e-01   1.3863553e-01
   1.6421571e-01   1.6407169e-01   1.6420320e-01   1.6421134e-01
   1.5234327e-01   1.5220967e-01   1.5233167e-01   1.5233922e-01
   1.4576591e-01   1.4563807e-01   1.4575480e-01   1.4576203e-01
   1.4226781e-01   1.4214305e-01   1.4225698e-01   1.4226403e-01
   1.3322317e-01   1.3310634e-01   1.3321302e-01   1.3321963e-01
   1.3710802e-01   1.3698778e-01   1.3709757e-01   1.3710437e-01
   1.1704449e-01   1.1694185e-01   1.1703558e-01   1.1704138e-01
   1.3521850e-01   1.3509991e-01   1.3520820e-01   1.3521490e-01
   9.1607902e-02   9.1527564e-02   9.1600924e-02   9.1605467e-02
   1.0709684e-01   1.0700292e-01   1.0708869e-01   1.0709400e-01
