   1.0356222e-01   1.2358942e-01   1.2355904e-01   1.2354054e-01
   1.0476515e-01   1.2549329e-01   1.2546222e-01   1.2544960e-01
   1.0877732e-01   1.3196093e-01   1.3192796e-01   1.3193489e-01
   1.0565730e-01   1.2691568e-01   1.2688413e-01   1.2687589e-01
   1.0557193e-01   1.2677919e-01   1.2674769e-01   1.2673903e-01
   1.0281138e-01   1.2240919e-01   1.2237925e-01   1.2235710e-01
   1.0155369e-01   1.2044603e-01   1.2041686e-01   1.2038865e-01
   1.0466511e-01   1.2533434e-01   1.2530332e-01   1.2529022e-01
   1.0694211e-01   1.2897987e-01   1.2894768e-01   1.2894573e-01
   1.1276349e-01   1.3857085e-01   1.3853702e-01   1.3856216e-01
   1.1187255e-01   1.3707722e-01   1.3704346e-01   1.3706471e-01
   1.0345628e-01   1.2342253e-01   1.2339221e-01   1.2337319e-01
   1.0238331e-01   1.2173906e-01   1.2170938e-01   1.2168516e-01
   1.0515627e-01   1.2611577e-01   1.2608448e-01   1.2607378e-01
   1.0787416e-01   1.3048904e-01   1.3045643e-01   1.3045901e-01
   1.0202844e-01   1.2118506e-01   1.2115560e-01   1.2112967e-01
   1.1215162e-01   1.3754406e-01   1.3751026e-01   1.3753275e-01
   1.0899466e-01   1.3231653e-01   1.3228348e-01   1.3229145e-01
   1.1352440e-01   1.3985401e-01   1.3982019e-01   1.3984852e-01
   1.0584626e-01   1.2721810e-01   1.2718644e-01   1.2717913e-01
   1.0633231e-01   1.2799783e-01   1.2796593e-01   1.2796100e-01
   1.1357051e-01   1.3993199e-01   1.3989817e-01   1.3992669e-01
   1.0615525e-01   1.2771348e-01   1.2768167e-01   1.2767587e-01
   1.0908180e-01   1.3245925e-01   1.3242617e-01   1.3243456e-01
   1.1333611e-01   1.3953584e-01   1.3950201e-01   1.3952956e-01
   1.0170869e-01   1.2068705e-01   1.2065778e-01   1.2063032e-01
   1.1131037e-01   1.3613960e-01   1.3610592e-01   1.3612466e-01
   1.0659567e-01   1.2842144e-01   1.2838941e-01   1.2838576e-01
   1.0332155e-01   1.2321045e-01   1.2318021e-01   1.2316053e-01
   1.0487390e-01   1.2566619e-01   1.2563506e-01   1.2562297e-01
   1.1309134e-01   1.3912287e-01   1.3908904e-01   1.3911556e-01
   1.0832145e-01   1.3121681e-01   1.3118401e-01   1.3118875e-01
   1.0849310e-01   1.3149672e-01   1.3146385e-01   1.3146942e-01
   1.0404788e-01   1.2435615e-01   1.2432548e-01   1.2430935e-01
   1.0138971e-01   1.2019133e-01   1.2016226e-01   1.2013327e-01
   1.1001781e-01   1.3399795e-01   1.3396457e-01   1.3397738e-01
   1.0295185e-01   1.2262952e-01   1.2259950e-01   1.2257803e-01
   1.1268862e-01   1.3844498e-01   1.3841115e-01   1.3843596e-01
   1.0962967e-01   1.3335866e-01   1.3332539e-01   1.3333637e-01
   1.0457857e-01   1.2519693e-01   1.2516596e-01   1.2515243e-01
   1.0720541e-01   1.2940519e-01   1.2937288e-01   1.2937221e-01
   1.0675408e-01   1.2867660e-01   1.2864450e-01   1.2864163e-01
   1.1020342e-01   1.3430427e-01   1.3427084e-01   1.3428451e-01
   1.1164155e-01   1.3669151e-01   1.3665778e-01   1.3667801e-01
   1.0739037e-01   1.2970444e-01   1.2967204e-01   1.2967227e-01
   1.0320548e-01   1.2302790e-01   1.2299773e-01   1.2297749e-01
   1.0541869e-01   1.2653439e-01   1.2650296e-01   1.2649355e-01
   1.0808001e-01   1.3082368e-01   1.3079098e-01   1.3079456e-01
   1.1117210e-01   1.3590956e-01   1.3587591e-01   1.3589403e-01
   1.1099564e-01   1.3561631e-01   1.3558270e-01   1.3560001e-01
   1.0156535e-01   1.2046415e-01   1.2043497e-01   1.2040682e-01
   1.0196538e-01   1.2108676e-01   1.2105733e-01   1.2103110e-01
   1.0854690e-01   1.3158451e-01   1.3155163e-01   1.3155745e-01
   1.0434728e-01   1.2483011e-01   1.2479928e-01   1.2478461e-01
   1.0642776e-01   1.2815127e-01   1.2811932e-01   1.2811485e-01
   1.0421850e-01   1.2462612e-01   1.2459536e-01   1.2458006e-01
   1.0180232e-01   1.2083276e-01   1.2080344e-01   1.2077642e-01
   1.1293431e-01   1.3885831e-01   1.3882447e-01   1.3885034e-01
   1.0948202e-01   1.3311593e-01   1.3308271e-01   1.3309300e-01
   1.0748064e-01   1.2985064e-01   1.2981820e-01   1.2981887e-01
   1.1073790e-01   1.3518865e-01   1.3515509e-01   1.3517123e-01
   1.0930735e-01   1.3282910e-01   1.3279594e-01   1.3280540e-01
   1.0256548e-01   1.2202400e-01   1.2199421e-01   1.2197087e-01
   1.1243054e-01   1.3801158e-01   1.3797776e-01   1.3800147e-01
   1.1199481e-01   1.3728163e-01   1.3724785e-01   1.3726965e-01
   1.1052279e-01   1.3483231e-01   1.3479880e-01   1.3481395e-01
   1.0573949e-01   1.2704718e-01   1.2701558e-01   1.2700775e-01
   1.0980826e-01   1.3365259e-01   1.3361927e-01   1.3363109e-01
   1.0450230e-01   1.2507591e-01   1.2504499e-01   1.2503108e-01
   1.0975084e-01   1.3355804e-01   1.3352474e-01   1.3353629e-01
   1.0405481e-01   1.2436710e-01   1.2433644e-01   1.2432034e-01
   1.1018188e-01   1.3426871e-01   1.3423529e-01   1.3424886e-01
   1.0522833e-01   1.2623064e-01   1.2619932e-01   1.2618898e-01
   1.1145476e-01   1.3638006e-01   1.3634636e-01   1.3636575e-01
   1.0220102e-01   1.2145431e-01   1.2142474e-01   1.2139964e-01
   1.0821821e-01   1.3104862e-01   1.3101587e-01   1.3102012e-01
   1.0919939e-01   1.3265200e-01   1.3261888e-01   1.3262783e-01
   1.1092521e-01   1.3549937e-01   1.3546577e-01   1.3548276e-01
   1.0708951e-01   1.2921786e-01   1.2918560e-01   1.2918437e-01
   1.0797070e-01   1.3064591e-01   1.3061326e-01   1.3061631e-01
   1.1246443e-01   1.3806844e-01   1.3803462e-01   1.3805847e-01
   1.0276035e-01   1.2232919e-01   1.2229928e-01   1.2227688e-01
   1.0247389e-01   1.2188070e-01   1.2185096e-01   1.2182718e-01
   1.0383235e-01   1.2401556e-01   1.2398502e-01   1.2396784e-01
   1.0776528e-01   1.3031222e-01   1.3027965e-01   1.3028171e-01
   1.0368468e-01   1.2378250e-01   1.2375205e-01   1.2373415e-01
   1.0311758e-01   1.2288974e-01   1.2285962e-01   1.2283896e-01
   1.0500066e-01   1.2586790e-01   1.2583670e-01   1.2582524e-01
   1.1226369e-01   1.3773179e-01   1.3769799e-01   1.3772097e-01
   1.1152497e-01   1.3649708e-01   1.3646336e-01   1.3648307e-01
   1.0888692e-01   1.3214018e-01   1.3210717e-01   1.3211462e-01
   1.0378931e-01   1.2394761e-01   1.2391709e-01   1.2389970e-01
   1.0627901e-01   1.2791219e-01   1.2788032e-01   1.2787513e-01
   1.0762467e-01   1.3008409e-01   1.3005159e-01   1.3005296e-01
   1.1312462e-01   1.3917897e-01   1.3914514e-01   1.3917180e-01
   1.1066066e-01   1.3506063e-01   1.3502709e-01   1.3504287e-01
   1.0232577e-01   1.2164914e-01   1.2161949e-01   1.2159500e-01
   1.0600624e-01   1.2747445e-01   1.2744272e-01   1.2743619e-01
   1.0685435e-01   1.2883828e-01   1.2880613e-01   1.2880375e-01
   1.1035363e-01   1.3455248e-01   1.3451901e-01   1.3453338e-01
