   6.8209701e+04   3.5000000e-01   1.5000000e+03
   6.0088934e+04   3.5000000e-01   1.5000000e+03
   6.6041602e+04   3.5000000e-01   1.5000000e+03
   6.2817432e+04   3.5000000e-01   1.5000000e+03
   6.7947479e+04   3.5000000e-01   1.5000000e+03
   6.8549434e+04   3.5000000e-01   1.5000000e+03
   6.7300165e+04   3.5000000e-01   1.5000000e+03
   6.1523648e+04   3.5000000e-01   1.5000000e+03
   6.5822497e+04   3.5000000e-01   1.5000000e+03
   6.5483201e+04   3.5000000e-01   1.5000000e+03
   6.2625591e+04   3.5000000e-01   1.5000000e+03
   6.4128021e+04   3.5000000e-01   1.5000000e+03
   6.2298802e+04   3.5000000e-01   1.5000000e+03
   6.3251143e+04   3.5000000e-01   1.5000000e+03
   6.9385519e+04   3.5000000e-01   1.5000000e+03
   6.6835045e+04   3.5000000e-01   1.5000000e+03
   6.1013634e+04   3.5000000e-01   1.5000000e+03
   6.9850746e+04   3.5000000e-01   1.5000000e+03
   6.8922604e+04   3.5000000e-01   1.5000000e+03
   6.1697233e+04   3.5000000e-01   1.5000000e+03
   6.4836619e+04   3.5000000e-01   1.5000000e+03
   6.6775080e+04   3.5000000e-01   1.5000000e+03
   6.0486617e+04   3.5000000e-01   1.5000000e+03
   6.3932852e+04   3.5000000e-01   1.5000000e+03
   6.4466860e+04   3.5000000e-01   1.5000000e+03
