   6.8023993e+04   3.5000000e-01   1.5000000e+03
   6.6990809e+04   3.5000000e-01   1.5000000e+03
   6.3703235e+04   3.5000000e-01   1.5000000e+03
   6.6239103e+04   3.5000000e-01   1.5000000e+03
   6.6310505e+04   3.5000000e-01   1.5000000e+03
   6.8680585e+04   3.5000000e-01   1.5000000e+03
   6.9801194e+04   3.5000000e-01   1.5000000e+03
   6.7075869e+04   3.5000000e-01   1.5000000e+03
   6.5177658e+04   3.5000000e-01   1.5000000e+03
   6.0659800e+04   3.5000000e-01   1.5000000e+03
   6.1321909e+04   3.5000000e-01   1.5000000e+03
   6.8116079e+04   3.5000000e-01   1.5000000e+03
   6.9059050e+04   3.5000000e-01   1.5000000e+03
   6.6659760e+04   3.5000000e-01   1.5000000e+03
   6.4422825e+04   3.5000000e-01   1.5000000e+03
   6.9375088e+04   3.5000000e-01   1.5000000e+03
   6.1113426e+04   3.5000000e-01   1.5000000e+03
   6.3531781e+04   3.5000000e-01   1.5000000e+03
   6.0102261e+04   3.5000000e-01   1.5000000e+03
   6.6081448e+04   3.5000000e-01   1.5000000e+03
   6.5678382e+04   3.5000000e-01   1.5000000e+03
   6.0068708e+04   3.5000000e-01   1.5000000e+03
   6.5824799e+04   3.5000000e-01   1.5000000e+03
   6.3463226e+04   3.5000000e-01   1.5000000e+03
   6.0239554e+04   3.5000000e-01   1.5000000e+03
   6.9661657e+04   3.5000000e-01   1.5000000e+03
   6.1744951e+04   3.5000000e-01   1.5000000e+03
   6.5461456e+04   3.5000000e-01   1.5000000e+03
   6.8233456e+04   3.5000000e-01   1.5000000e+03
   6.6898529e+04   3.5000000e-01   1.5000000e+03
   6.0418688e+04   3.5000000e-01   1.5000000e+03
   6.4065014e+04   3.5000000e-01   1.5000000e+03
   6.3928448e+04   3.5000000e-01   1.5000000e+03
   6.7604111e+04   3.5000000e-01   1.5000000e+03
   6.9949258e+04   3.5000000e-01   1.5000000e+03
   6.2733383e+04   3.5000000e-01   1.5000000e+03
   6.8557053e+04   3.5000000e-01   1.5000000e+03
   6.0715050e+04   3.5000000e-01   1.5000000e+03
   6.3034577e+04   3.5000000e-01   1.5000000e+03
   6.7149574e+04   3.5000000e-01   1.5000000e+03
   6.4963148e+04   3.5000000e-01   1.5000000e+03
   6.5331475e+04   3.5000000e-01   1.5000000e+03
   6.2590079e+04   3.5000000e-01   1.5000000e+03
   6.1495235e+04   3.5000000e-01   1.5000000e+03
   6.4813066e+04   3.5000000e-01   1.5000000e+03
   6.8334813e+04   3.5000000e-01   1.5000000e+03
   6.6438954e+04   3.5000000e-01   1.5000000e+03
   6.4257805e+04   3.5000000e-01   1.5000000e+03
   6.1849629e+04   3.5000000e-01   1.5000000e+03
   6.1983586e+04   3.5000000e-01   1.5000000e+03
   6.9790683e+04   3.5000000e-01   1.5000000e+03
   6.9431468e+04   3.5000000e-01   1.5000000e+03
   6.3885733e+04   3.5000000e-01   1.5000000e+03
   6.7347129e+04   3.5000000e-01   1.5000000e+03
   6.5599643e+04   3.5000000e-01   1.5000000e+03
   6.7457494e+04   3.5000000e-01   1.5000000e+03
   6.9577566e+04   3.5000000e-01   1.5000000e+03
   6.0534006e+04   3.5000000e-01   1.5000000e+03
   6.3149690e+04   3.5000000e-01   1.5000000e+03
   6.4739994e+04   3.5000000e-01   1.5000000e+03
   6.2179983e+04   3.5000000e-01   1.5000000e+03
   6.3286260e+04   3.5000000e-01   1.5000000e+03
   6.8897621e+04   3.5000000e-01   1.5000000e+03
   6.0906046e+04   3.5000000e-01   1.5000000e+03
   6.1230450e+04   3.5000000e-01   1.5000000e+03
   6.2344577e+04   3.5000000e-01   1.5000000e+03
   6.6170459e+04   3.5000000e-01   1.5000000e+03
   6.2895737e+04   3.5000000e-01   1.5000000e+03
   6.7214624e+04   3.5000000e-01   1.5000000e+03
   6.2940332e+04   3.5000000e-01   1.5000000e+03
   6.7598147e+04   3.5000000e-01   1.5000000e+03
   6.2606681e+04   3.5000000e-01   1.5000000e+03
   6.6599021e+04   3.5000000e-01   1.5000000e+03
   6.1635904e+04   3.5000000e-01   1.5000000e+03
   6.9221131e+04   3.5000000e-01   1.5000000e+03
   6.4147350e+04   3.5000000e-01   1.5000000e+03
   6.3370875e+04   3.5000000e-01   1.5000000e+03
   6.2037167e+04   3.5000000e-01   1.5000000e+03
   6.5057453e+04   3.5000000e-01   1.5000000e+03
   6.4345363e+04   3.5000000e-01   1.5000000e+03
   6.0880920e+04   3.5000000e-01   1.5000000e+03
   6.8725551e+04   3.5000000e-01   1.5000000e+03
   6.8978714e+04   3.5000000e-01   1.5000000e+03
   6.7789988e+04   3.5000000e-01   1.5000000e+03
   6.4510362e+04   3.5000000e-01   1.5000000e+03
   6.7917766e+04   3.5000000e-01   1.5000000e+03
   6.8411722e+04   3.5000000e-01   1.5000000e+03
   6.6791188e+04   3.5000000e-01   1.5000000e+03
   6.1029981e+04   3.5000000e-01   1.5000000e+03
   6.1582978e+04   3.5000000e-01   1.5000000e+03
   6.3616696e+04   3.5000000e-01   1.5000000e+03
   6.7827194e+04   3.5000000e-01   1.5000000e+03
   6.5722411e+04   3.5000000e-01   1.5000000e+03
   6.4623650e+04   3.5000000e-01   1.5000000e+03
   6.0394290e+04   3.5000000e-01   1.5000000e+03
   6.2239015e+04   3.5000000e-01   1.5000000e+03
   6.9110153e+04   3.5000000e-01   1.5000000e+03
   6.5948387e+04   3.5000000e-01   1.5000000e+03
   6.5249383e+04   3.5000000e-01   1.5000000e+03
   6.2474438e+04   3.5000000e-01   1.5000000e+03
