   6.5000000e+04   3.8500746e-01   1.5000000e+03
   6.5000000e+04   3.6118411e-01   1.5000000e+03
   6.5000000e+04   3.9462427e-01   1.5000000e+03
   6.5000000e+04   3.1676026e-01   1.5000000e+03
   6.5000000e+04   3.6703573e-01   1.5000000e+03
   6.5000000e+04   3.2181784e-01   1.5000000e+03
   6.5000000e+04   3.3038737e-01   1.5000000e+03
   6.5000000e+04   3.2588667e-01   1.5000000e+03
   6.5000000e+04   3.0413161e-01   1.5000000e+03
   6.5000000e+04   3.4205097e-01   1.5000000e+03
   6.5000000e+04   3.0357866e-01   1.5000000e+03
   6.5000000e+04   3.3426761e-01   1.5000000e+03
   6.5000000e+04   3.4829476e-01   1.5000000e+03
   6.5000000e+04   3.5222442e-01   1.5000000e+03
   6.5000000e+04   3.4769797e-01   1.5000000e+03
   6.5000000e+04   3.1282702e-01   1.5000000e+03
   6.5000000e+04   3.7737932e-01   1.5000000e+03
   6.5000000e+04   3.8035751e-01   1.5000000e+03
   6.5000000e+04   3.0847475e-01   1.5000000e+03
   6.5000000e+04   3.9132899e-01   1.5000000e+03
   6.5000000e+04   3.3706447e-01   1.5000000e+03
   6.5000000e+04   3.9923077e-01   1.5000000e+03
   6.5000000e+04   3.5790381e-01   1.5000000e+03
   6.5000000e+04   3.7417290e-01   1.5000000e+03
   6.5000000e+04   3.6813748e-01   1.5000000e+03
