   6.4411594e+04   3.5269277e-01   1.2357379e+03
   6.5367675e+04   3.2202955e-01   1.7713531e+03
   6.6252248e+04   3.3794979e-01   1.0066388e+03
   6.0834688e+04   3.3109517e-01   1.6517376e+03
   6.9744971e+04   3.1927044e-01   1.9302128e+03
   6.0611884e+04   3.4431226e-01   1.4505396e+03
   6.2043974e+04   3.0821883e-01   1.5195053e+03
   6.3528265e+04   3.1377610e-01   1.9766543e+03
   6.7679871e+04   3.8550180e-01   1.7321701e+03
   6.1635087e+04   3.6149724e-01   1.3597597e+03
   6.0083623e+04   3.0683076e-01   1.6991415e+03
   6.9274992e+04   3.6439570e-01   1.5265076e+03
   6.2556188e+04   3.5191976e-01   1.1976949e+03
   6.1239871e+04   3.8332683e-01   1.8647378e+03
   6.8389002e+04   3.8982918e-01   1.3792074e+03
   6.8707397e+04   3.2757878e-01   1.0468834e+03
   6.7222222e+04   3.9584365e-01   1.2429590e+03
   6.8943977e+04   3.7470944e-01   1.4184305e+03
   6.6596207e+04   3.0031647e-01   1.6212268e+03
   6.5751324e+04   3.3318101e-01   1.8995285e+03
   6.3001135e+04   3.4144481e-01   1.0823345e+03
   6.4155465e+04   3.9965448e-01   1.5972939e+03
   6.3955609e+04   3.7907838e-01   1.3135044e+03
   6.5105407e+04   3.5871516e-01   1.1290492e+03
   6.7193019e+04   3.7036246e-01   1.8111463e+03
