   1.4326040e-01   1.4318796e-01   1.4494506e-01   1.4507480e-01   1.4500177e-01   1.4501778e-01   1.4495100e-01
   8.8231885e-02   8.8217021e-02   8.8638489e-02   8.8809140e-02   8.8791729e-02   8.8746079e-02   8.8687188e-02
   1.2759594e-01   1.2756046e-01   1.2754001e-01   1.2769220e-01   1.2758962e-01   1.2759908e-01   1.2763278e-01
   9.1204293e-02   9.1172202e-02   9.1264460e-02   9.1350669e-02   9.1268260e-02   9.1280510e-02   9.1312522e-02
   1.4790959e-01   1.4784834e-01   1.4848070e-01   1.4860785e-01   1.4848444e-01   1.4850136e-01   1.4852607e-01
   1.2362951e-01   1.2356091e-01   1.2577801e-01   1.2590232e-01   1.2587357e-01   1.2589451e-01   1.2577438e-01
   1.0000152e-01   9.9957520e-02   1.0057505e-01   1.0066036e-01   1.0058352e-01   1.0059401e-01   1.0059698e-01
   1.4302880e-01   1.4294627e-01   1.4591597e-01   1.4606848e-01   1.4605630e-01   1.4608708e-01   1.4591036e-01
   1.4950614e-01   1.4945060e-01   1.4972485e-01   1.4986045e-01   1.4972651e-01   1.4974609e-01   1.4979336e-01
   1.0645330e-01   1.0643000e-01   1.0657802e-01   1.0674077e-01   1.0668166e-01   1.0666710e-01   1.0665661e-01
   1.2307348e-01   1.2305175e-01   1.2355496e-01   1.2378392e-01   1.2375125e-01   1.2369713e-01   1.2362857e-01
   1.4269754e-01   1.4262168e-01   1.4478200e-01   1.4491784e-01   1.4486468e-01   1.4488395e-01   1.4478145e-01
   1.3539859e-01   1.3537162e-01   1.3570589e-01   1.3593237e-01   1.3587371e-01   1.3583873e-01   1.3579960e-01
   1.6118158e-01   1.6112954e-01   1.6115802e-01   1.6132273e-01   1.6117933e-01   1.6119998e-01   1.6125797e-01
   1.1856001e-01   1.1851163e-01   1.1897085e-01   1.1907323e-01   1.1897284e-01   1.1898671e-01   1.1900975e-01
   1.6441305e-01   1.6436186e-01   1.6435769e-01   1.6453191e-01   1.6438800e-01   1.6440778e-01   1.6446506e-01
   8.6938390e-02   8.6913408e-02   8.6896769e-02   8.6996902e-02   8.6924872e-02   8.6932796e-02   8.6958497e-02
   8.7600538e-02   8.7565925e-02   8.7835752e-02   8.7912397e-02   8.7836261e-02   8.7846987e-02   8.7868502e-02
   1.4734053e-01   1.4730490e-01   1.4737861e-01   1.4758227e-01   1.4748332e-01   1.4747879e-01   1.4749016e-01
   1.7306166e-01   1.7301268e-01   1.7298089e-01   1.7318345e-01   1.7304197e-01   1.7305645e-01   1.7310521e-01
   1.2854594e-01   1.2848746e-01   1.2943910e-01   1.2954921e-01   1.2945652e-01   1.2946958e-01   1.2946125e-01
   1.6604076e-01   1.6598333e-01   1.6611634e-01   1.6627559e-01   1.6612562e-01   1.6614792e-01   1.6620720e-01
   1.1130741e-01   1.1124418e-01   1.1342567e-01   1.1354149e-01   1.1352519e-01   1.1354690e-01   1.1342155e-01
   1.1733425e-01   1.1727393e-01   1.1881967e-01   1.1892752e-01   1.1887270e-01   1.1888652e-01   1.1882259e-01
   1.4534810e-01   1.4527201e-01   1.4733803e-01   1.4747407e-01   1.4741339e-01   1.4743173e-01   1.4733927e-01
   1.0354300e-01   1.0350863e-01   1.0354868e-01   1.0365174e-01   1.0355883e-01   1.0357249e-01   1.0361004e-01
   1.6317421e-01   1.6314599e-01   1.6386243e-01   1.6417133e-01   1.6413292e-01   1.6405562e-01   1.6395679e-01
   1.1931044e-01   1.1928029e-01   1.1930529e-01   1.1946281e-01   1.1937719e-01   1.1937814e-01   1.1939536e-01
   1.0263381e-01   1.0258587e-01   1.0345563e-01   1.0354421e-01   1.0347469e-01   1.0348502e-01   1.0346964e-01
   1.5084447e-01   1.5081132e-01   1.5101534e-01   1.5124512e-01   1.5116067e-01   1.5114071e-01   1.5112690e-01
   9.1528638e-02   9.1487242e-02   9.2144294e-02   9.2222600e-02   9.2155794e-02   9.2165131e-02   9.2160805e-02
   1.5905591e-01   1.5899542e-01   1.5935585e-01   1.5949794e-01   1.5935668e-01   1.5937706e-01   1.5942375e-01
   1.5460324e-01   1.5457158e-01   1.5490143e-01   1.5515348e-01   1.5508083e-01   1.5504670e-01   1.5501094e-01
   8.5883308e-02   8.5835547e-02   8.7388761e-02   8.7475380e-02   8.7456076e-02   8.7470809e-02   8.7386158e-02
   1.6568833e-01   1.6565009e-01   1.6579630e-01   1.6603660e-01   1.6593407e-01   1.6592123e-01   1.6592093e-01
   1.4488120e-01   1.4483583e-01   1.4483613e-01   1.4498872e-01   1.4486152e-01   1.4487917e-01   1.4493000e-01
   1.1562437e-01   1.1560412e-01   1.1609074e-01   1.1630735e-01   1.1627804e-01   1.1622563e-01   1.1615899e-01
   1.1440301e-01   1.1436386e-01   1.1444168e-01   1.1455244e-01   1.1444921e-01   1.1446455e-01   1.1450570e-01
   1.3048254e-01   1.3044570e-01   1.3042205e-01   1.3057519e-01   1.3046877e-01   1.3047951e-01   1.3051595e-01
   1.4677022e-01   1.4673687e-01   1.4688692e-01   1.4710311e-01   1.4701495e-01   1.4700114e-01   1.4699686e-01
   9.9431999e-02   9.9382160e-02   1.0055558e-01   1.0064498e-01   1.0059216e-01   1.0060301e-01   1.0056062e-01
   1.3019644e-01   1.3014088e-01   1.3081332e-01   1.3092456e-01   1.3081977e-01   1.3083401e-01   1.3084759e-01
   1.3051583e-01   1.3046568e-01   1.3078834e-01   1.3090422e-01   1.3078888e-01   1.3080542e-01   1.3084222e-01
   9.8734881e-02   9.8709999e-02   9.8732229e-02   9.8862955e-02   9.8792365e-02   9.8792929e-02   9.8806798e-02
   9.7243001e-02   9.7225253e-02   9.7577775e-02   9.7753684e-02   9.7723321e-02   9.7685620e-02   9.7638778e-02
   1.0358474e-01   1.0356546e-01   1.0391308e-01   1.0409729e-01   1.0406209e-01   1.0402506e-01   1.0397974e-01
   1.1233991e-01   1.1229631e-01   1.1259792e-01   1.1269710e-01   1.1259836e-01   1.1261243e-01   1.1264271e-01
   1.4560502e-01   1.4555861e-01   1.4557252e-01   1.4572321e-01   1.4559433e-01   1.4561264e-01   1.4566458e-01
   1.2294039e-01   1.2290449e-01   1.2288157e-01   1.2302075e-01   1.2291753e-01   1.2292964e-01   1.2296765e-01
   1.3771895e-01   1.3767389e-01   1.3771124e-01   1.3785019e-01   1.3772711e-01   1.3774503e-01   1.3779486e-01
   1.4509476e-01   1.4503226e-01   1.4582508e-01   1.4594893e-01   1.4583368e-01   1.4584933e-01   1.4586130e-01
   1.2522800e-01   1.2517533e-01   1.2576704e-01   1.2587430e-01   1.2577164e-01   1.2578563e-01   1.2580262e-01
   1.7451140e-01   1.7447525e-01   1.7482404e-01   1.7510547e-01   1.7502085e-01   1.7498496e-01   1.7494871e-01
   1.3766061e-01   1.3761924e-01   1.3759957e-01   1.3775081e-01   1.3763280e-01   1.3764789e-01   1.3769328e-01
   1.4888819e-01   1.4886057e-01   1.4936669e-01   1.4963221e-01   1.4958228e-01   1.4952832e-01   1.4946212e-01
   1.1934056e-01   1.1928529e-01   1.2025478e-01   1.2035749e-01   1.2027493e-01   1.2028695e-01   1.2027242e-01
   1.0778795e-01   1.0773666e-01   1.0873664e-01   1.0883040e-01   1.0876105e-01   1.0877194e-01   1.0874877e-01
   1.1050893e-01   1.1045537e-01   1.1157462e-01   1.1167169e-01   1.1160468e-01   1.1161602e-01   1.1158451e-01
   8.4426606e-02   8.4395709e-02   8.4529267e-02   8.4606660e-02   8.4530728e-02   8.4541900e-02   8.4569618e-02
   1.6272906e-01   1.6266561e-01   1.6311798e-01   1.6326131e-01   1.6311865e-01   1.6313892e-01   1.6318187e-01
   1.0280749e-01   1.0278027e-01   1.0277820e-01   1.0290737e-01   1.0282899e-01   1.0283345e-01   1.0285482e-01
   1.0736125e-01   1.0731698e-01   1.0776354e-01   1.0785594e-01   1.0776597e-01   1.0777833e-01   1.0779712e-01
   8.5576424e-02   8.5555369e-02   8.5587697e-02   8.5703882e-02   8.5644822e-02   8.5643544e-02   8.5652480e-02
   1.6928933e-01   1.6925375e-01   1.6956385e-01   1.6983311e-01   1.6974782e-01   1.6971619e-01   1.6968600e-01
   1.0155801e-01   1.0151294e-01   1.0217093e-01   1.0225760e-01   1.0218072e-01   1.0219127e-01   1.0219195e-01
   1.0994490e-01   1.0988221e-01   1.1206670e-01   1.1218175e-01   1.1216720e-01   1.1218914e-01   1.1206255e-01
   1.4275983e-01   1.4270664e-01   1.4297539e-01   1.4310462e-01   1.4297684e-01   1.4299549e-01   1.4304029e-01
   1.5812127e-01   1.5809304e-01   1.5871555e-01   1.5900708e-01   1.5896269e-01   1.5889586e-01   1.5881167e-01
   1.0103268e-01   1.0098851e-01   1.0158958e-01   1.0167576e-01   1.0159728e-01   1.0160797e-01   1.0161267e-01
   1.2555116e-01   1.2548978e-01   1.2681460e-01   1.2692549e-01   1.2685170e-01   1.2686475e-01   1.2682450e-01
   1.3306659e-01   1.3304124e-01   1.3344647e-01   1.3367831e-01   1.3362881e-01   1.3358585e-01   1.3353448e-01
   1.3404984e-01   1.3398358e-01   1.3546989e-01   1.3558916e-01   1.3551360e-01   1.3552779e-01   1.3547877e-01
   1.7702539e-01   1.7694099e-01   1.7859963e-01   1.7875377e-01   1.7864057e-01   1.7865848e-01   1.7861909e-01
   1.6111161e-01   1.6107332e-01   1.6117533e-01   1.6140204e-01   1.6129690e-01   1.6128928e-01   1.6129715e-01
   1.6048458e-01   1.6044174e-01   1.6043358e-01   1.6063349e-01   1.6050995e-01   1.6051782e-01   1.6055279e-01
   9.0963937e-02   9.0945582e-02   9.1155880e-02   9.1306251e-02   9.1265291e-02   9.1243386e-02   9.1219545e-02
   1.1118988e-01   1.1113027e-01   1.1287329e-01   1.1298021e-01   1.1294173e-01   1.1295739e-01   1.1287217e-01
   9.6358303e-02   9.6336739e-02   9.6449353e-02   9.6593484e-02   9.6537373e-02   9.6526664e-02   9.6521157e-02
   9.3956179e-02   9.3927319e-02   9.3919882e-02   9.4020821e-02   9.3939189e-02   9.3950144e-02   9.3982283e-02
   1.1495521e-01   1.1492393e-01   1.1491112e-01   1.1505144e-01   1.1496105e-01   1.1496811e-01   1.1499575e-01
   1.7516548e-01   1.7510300e-01   1.7531224e-01   1.7547600e-01   1.7531783e-01   1.7534129e-01   1.7540165e-01
   1.3396027e-01   1.3391710e-01   1.3393885e-01   1.3407603e-01   1.3395694e-01   1.3397406e-01   1.3402220e-01
   1.0016443e-01   1.0014308e-01   1.0031126e-01   1.0046849e-01   1.0041627e-01   1.0039928e-01   1.0038415e-01
   1.5920813e-01   1.5916111e-01   1.5913326e-01   1.5931141e-01   1.5917661e-01   1.5919302e-01   1.5924359e-01
   1.7866588e-01   1.7861287e-01   1.7858282e-01   1.7878178e-01   1.7862999e-01   1.7864872e-01   1.7870608e-01
   1.3123784e-01   1.3120181e-01   1.3118420e-01   1.3134287e-01   1.3123871e-01   1.3124747e-01   1.3128034e-01
   1.6058896e-01   1.6053324e-01   1.6066788e-01   1.6082148e-01   1.6067640e-01   1.6069798e-01   1.6075517e-01
   1.6887281e-01   1.6884026e-01   1.6932874e-01   1.6961992e-01   1.6955440e-01   1.6950276e-01   1.6944187e-01
   1.3038674e-01   1.3035633e-01   1.3045939e-01   1.3064647e-01   1.3056420e-01   1.3055553e-01   1.3055770e-01
   1.2709786e-01   1.2706503e-01   1.2707661e-01   1.2724057e-01   1.2714663e-01   1.2714984e-01   1.2717210e-01
   1.3651602e-01   1.3648372e-01   1.3657535e-01   1.3676839e-01   1.3668003e-01   1.3667293e-01   1.3667852e-01
   1.0971957e-01   1.0969602e-01   1.0987125e-01   1.1004223e-01   1.0998399e-01   1.0996640e-01   1.0995144e-01
   1.2403478e-01   1.2398481e-01   1.2442489e-01   1.2453250e-01   1.2442629e-01   1.2444107e-01   1.2446784e-01
   1.7175570e-01   1.7171291e-01   1.7176349e-01   1.7199361e-01   1.7187280e-01   1.7187214e-01   1.7189339e-01
   1.0776582e-01   1.0772947e-01   1.0778695e-01   1.0789263e-01   1.0779560e-01   1.0780996e-01   1.0784896e-01
   9.5924440e-02   9.5905633e-02   9.6161803e-02   9.6324638e-02   9.6285158e-02   9.6258209e-02   9.6227204e-02
   1.4821207e-01   1.4813510e-01   1.5017256e-01   1.5031014e-01   1.5024493e-01   1.5026305e-01   1.5017486e-01
   8.7704599e-02   8.7681725e-02   8.7685637e-02   8.7797625e-02   8.7731983e-02   8.7734841e-02   8.7751349e-02
   1.4995855e-01   1.4990466e-01   1.5009999e-01   1.5023935e-01   1.5010405e-01   1.5012408e-01   1.5017512e-01
   1.2395319e-01   1.2388553e-01   1.2597103e-01   1.2609292e-01   1.2605713e-01   1.2607627e-01   1.2596840e-01
