   6.5975095e+04   3.5000000e-01   1.5000000e+03
   6.5671826e+04   3.5000000e-01   1.5000000e+03
   6.3418473e+04   3.5000000e-01   1.5000000e+03
   6.2661858e+04   3.5000000e-01   1.5000000e+03
   6.4463682e+04   3.5000000e-01   1.5000000e+03
   6.8478441e+04   3.5000000e-01   1.5000000e+03
   6.5769672e+04   3.5000000e-01   1.5000000e+03
   6.6530321e+04   3.5000000e-01   1.5000000e+03
   6.4759815e+04   3.5000000e-01   1.5000000e+03
   6.7441342e+04   3.5000000e-01   1.5000000e+03
   6.4821527e+04   3.5000000e-01   1.5000000e+03
   6.8500203e+04   3.5000000e-01   1.5000000e+03
   6.2478750e+04   3.5000000e-01   1.5000000e+03
   6.8819086e+04   3.5000000e-01   1.5000000e+03
   6.4330944e+04   3.5000000e-01   1.5000000e+03
   6.6014674e+04   3.5000000e-01   1.5000000e+03
   6.2100819e+04   3.5000000e-01   1.5000000e+03
   6.8235660e+04   3.5000000e-01   1.5000000e+03
   6.7603856e+04   3.5000000e-01   1.5000000e+03
   6.9157548e+04   3.5000000e-01   1.5000000e+03
   6.4525423e+04   3.5000000e-01   1.5000000e+03
   6.6701432e+04   3.5000000e-01   1.5000000e+03
   6.5084237e+04   3.5000000e-01   1.5000000e+03
   6.3587074e+04   3.5000000e-01   1.5000000e+03
   6.2822105e+04   3.5000000e-01   1.5000000e+03
   6.8727879e+04   3.5000000e-01   1.5000000e+03
   6.1178046e+04   3.5000000e-01   1.5000000e+03
   6.0977554e+04   3.5000000e-01   1.5000000e+03
   6.6942935e+04   3.5000000e-01   1.5000000e+03
   6.7996963e+04   3.5000000e-01   1.5000000e+03
   6.9750949e+04   3.5000000e-01   1.5000000e+03
   6.9476828e+04   3.5000000e-01   1.5000000e+03
   6.6189798e+04   3.5000000e-01   1.5000000e+03
   6.6808872e+04   3.5000000e-01   1.5000000e+03
   6.3042699e+04   3.5000000e-01   1.5000000e+03
   6.5188836e+04   3.5000000e-01   1.5000000e+03
   6.3933355e+04   3.5000000e-01   1.5000000e+03
   6.8977185e+04   3.5000000e-01   1.5000000e+03
   6.4100009e+04   3.5000000e-01   1.5000000e+03
   6.3339411e+04   3.5000000e-01   1.5000000e+03
   6.6347135e+04   3.5000000e-01   1.5000000e+03
   6.2709356e+04   3.5000000e-01   1.5000000e+03
   6.8685466e+04   3.5000000e-01   1.5000000e+03
   6.0646346e+04   3.5000000e-01   1.5000000e+03
   6.1344713e+04   3.5000000e-01   1.5000000e+03
   6.2068489e+04   3.5000000e-01   1.5000000e+03
   6.7168487e+04   3.5000000e-01   1.5000000e+03
   6.1523667e+04   3.5000000e-01   1.5000000e+03
   6.0877220e+04   3.5000000e-01   1.5000000e+03
   6.1759166e+04   3.5000000e-01   1.5000000e+03
   6.5507088e+04   3.5000000e-01   1.5000000e+03
   6.2246055e+04   3.5000000e-01   1.5000000e+03
   6.7387703e+04   3.5000000e-01   1.5000000e+03
   6.9545829e+04   3.5000000e-01   1.5000000e+03
   6.4010741e+04   3.5000000e-01   1.5000000e+03
   6.9359005e+04   3.5000000e-01   1.5000000e+03
   6.9263692e+04   3.5000000e-01   1.5000000e+03
   6.1086670e+04   3.5000000e-01   1.5000000e+03
   6.5410043e+04   3.5000000e-01   1.5000000e+03
   6.0291771e+04   3.5000000e-01   1.5000000e+03
   6.5221445e+04   3.5000000e-01   1.5000000e+03
   6.5313894e+04   3.5000000e-01   1.5000000e+03
   6.0345990e+04   3.5000000e-01   1.5000000e+03
   6.1659681e+04   3.5000000e-01   1.5000000e+03
   6.9850143e+04   3.5000000e-01   1.5000000e+03
   6.6662115e+04   3.5000000e-01   1.5000000e+03
   6.0703088e+04   3.5000000e-01   1.5000000e+03
   6.8373707e+04   3.5000000e-01   1.5000000e+03
   6.6248342e+04   3.5000000e-01   1.5000000e+03
   6.3654859e+04   3.5000000e-01   1.5000000e+03
   6.1983766e+04   3.5000000e-01   1.5000000e+03
   6.7247438e+04   3.5000000e-01   1.5000000e+03
   6.3278289e+04   3.5000000e-01   1.5000000e+03
   6.7536764e+04   3.5000000e-01   1.5000000e+03
   6.9624897e+04   3.5000000e-01   1.5000000e+03
   6.2584792e+04   3.5000000e-01   1.5000000e+03
   6.8195881e+04   3.5000000e-01   1.5000000e+03
   6.5881288e+04   3.5000000e-01   1.5000000e+03
   6.3794865e+04   3.5000000e-01   1.5000000e+03
   6.9082777e+04   3.5000000e-01   1.5000000e+03
   6.6443659e+04   3.5000000e-01   1.5000000e+03
   6.1432819e+04   3.5000000e-01   1.5000000e+03
   6.8077172e+04   3.5000000e-01   1.5000000e+03
   6.3103247e+04   3.5000000e-01   1.5000000e+03
   6.4983930e+04   3.5000000e-01   1.5000000e+03
   6.3839039e+04   3.5000000e-01   1.5000000e+03
   6.0195089e+04   3.5000000e-01   1.5000000e+03
   6.0562093e+04   3.5000000e-01   1.5000000e+03
   6.0449648e+04   3.5000000e-01   1.5000000e+03
   6.1298935e+04   3.5000000e-01   1.5000000e+03
   6.4298840e+04   3.5000000e-01   1.5000000e+03
   6.0092198e+04   3.5000000e-01   1.5000000e+03
   6.7867708e+04   3.5000000e-01   1.5000000e+03
   6.4680613e+04   3.5000000e-01   1.5000000e+03
   6.2966198e+04   3.5000000e-01   1.5000000e+03
   6.7070730e+04   3.5000000e-01   1.5000000e+03
   6.7720694e+04   3.5000000e-01   1.5000000e+03
   6.2303751e+04   3.5000000e-01   1.5000000e+03
   6.1863143e+04   3.5000000e-01   1.5000000e+03
   6.9913097e+04   3.5000000e-01   1.5000000e+03
