   6.4670698e+04   3.5000000e-01   1.5000000e+03
   6.0984648e+04   3.5000000e-01   1.5000000e+03
   6.2209547e+04   3.5000000e-01   1.5000000e+03
   6.3404856e+04   3.5000000e-01   1.5000000e+03
   6.5959406e+04   3.5000000e-01   1.5000000e+03
   6.7081908e+04   3.5000000e-01   1.5000000e+03
   6.9139872e+04   3.5000000e-01   1.5000000e+03
   6.1396592e+04   3.5000000e-01   1.5000000e+03
   6.8154984e+04   3.5000000e-01   1.5000000e+03
   6.0626839e+04   3.5000000e-01   1.5000000e+03
   6.0067358e+04   3.5000000e-01   1.5000000e+03
   6.7904487e+04   3.5000000e-01   1.5000000e+03
   6.3120943e+04   3.5000000e-01   1.5000000e+03
   6.7551833e+04   3.5000000e-01   1.5000000e+03
   6.5260956e+04   3.5000000e-01   1.5000000e+03
   6.6374517e+04   3.5000000e-01   1.5000000e+03
   6.3655541e+04   3.5000000e-01   1.5000000e+03
   6.1977079e+04   3.5000000e-01   1.5000000e+03
   6.9206985e+04   3.5000000e-01   1.5000000e+03
   6.6600193e+04   3.5000000e-01   1.5000000e+03
   6.5023034e+04   3.5000000e-01   1.5000000e+03
   6.9825441e+04   3.5000000e-01   1.5000000e+03
   6.2683356e+04   3.5000000e-01   1.5000000e+03
   6.8671024e+04   3.5000000e-01   1.5000000e+03
   6.4005268e+04   3.5000000e-01   1.5000000e+03
