   1.2715710e-01   1.2739092e-01   1.2715575e-01   1.2715626e-01
   1.2774430e-01   1.2797921e-01   1.2774295e-01   1.2774346e-01
   1.3228325e-01   1.3252650e-01   1.3228185e-01   1.3228238e-01
   1.3388051e-01   1.3412670e-01   1.3387909e-01   1.3387963e-01
   1.3013842e-01   1.3037772e-01   1.3013704e-01   1.3013756e-01
   1.2250865e-01   1.2273393e-01   1.2250735e-01   1.2250785e-01
   1.2755425e-01   1.2778881e-01   1.2755290e-01   1.2755342e-01
   1.2609591e-01   1.2632779e-01   1.2609458e-01   1.2609509e-01
   1.2954332e-01   1.2978153e-01   1.2954195e-01   1.2954247e-01
   1.2439256e-01   1.2462131e-01   1.2439125e-01   1.2439175e-01
   1.2941999e-01   1.2965798e-01   1.2941862e-01   1.2941914e-01
   1.2246973e-01   1.2269494e-01   1.2246843e-01   1.2246893e-01
   1.3427288e-01   1.3451979e-01   1.3427145e-01   1.3427200e-01
   1.2190225e-01   1.2212641e-01   1.2190096e-01   1.2190145e-01
   1.3040694e-01   1.3064674e-01   1.3040556e-01   1.3040608e-01
   1.2708086e-01   1.2731455e-01   1.2707951e-01   1.2708003e-01
   1.3509003e-01   1.3533844e-01   1.3508860e-01   1.3508915e-01
   1.2294453e-01   1.2317061e-01   1.2294323e-01   1.2294373e-01
   1.2409353e-01   1.2432173e-01   1.2409222e-01   1.2409272e-01
   1.2130565e-01   1.2152872e-01   1.2130437e-01   1.2130486e-01
   1.3001389e-01   1.3025297e-01   1.3001252e-01   1.3001304e-01
   1.2577243e-01   1.2600371e-01   1.2577110e-01   1.2577161e-01
   1.2889759e-01   1.2913462e-01   1.2889623e-01   1.2889675e-01
   1.3193250e-01   1.3217511e-01   1.3193110e-01   1.3193163e-01
   1.3353901e-01   1.3378457e-01   1.3353759e-01   1.3353813e-01
   1.2206402e-01   1.2228848e-01   1.2206273e-01   1.2206322e-01
   1.3712764e-01   1.3737981e-01   1.3712619e-01   1.3712675e-01
   1.3757852e-01   1.3783151e-01   1.3757706e-01   1.3757762e-01
   1.2531870e-01   1.2554914e-01   1.2531737e-01   1.2531788e-01
   1.2337612e-01   1.2360299e-01   1.2337481e-01   1.2337531e-01
   1.2027365e-01   1.2049482e-01   1.2027238e-01   1.2027286e-01
   1.2074819e-01   1.2097023e-01   1.2074691e-01   1.2074740e-01
   1.2674463e-01   1.2697770e-01   1.2674329e-01   1.2674380e-01
   1.2557017e-01   1.2580108e-01   1.2556884e-01   1.2556935e-01
   1.3307174e-01   1.3331644e-01   1.3307033e-01   1.3307087e-01
   1.2869077e-01   1.2892742e-01   1.2868941e-01   1.2868993e-01
   1.3121791e-01   1.3145921e-01   1.3121652e-01   1.3121705e-01
   1.2162284e-01   1.2184649e-01   1.2162156e-01   1.2162205e-01
   1.3087676e-01   1.3111743e-01   1.3087537e-01   1.3087590e-01
   1.3244837e-01   1.3269192e-01   1.3244696e-01   1.3244750e-01
   1.2644406e-01   1.2667658e-01   1.2644273e-01   1.2644324e-01
   1.3377910e-01   1.3402511e-01   1.3377769e-01   1.3377823e-01
   1.2213940e-01   1.2236400e-01   1.2213810e-01   1.2213860e-01
   1.3832987e-01   1.3858425e-01   1.3832841e-01   1.3832897e-01
   1.3675509e-01   1.3700656e-01   1.3675364e-01   1.3675419e-01
   1.3516039e-01   1.3540894e-01   1.3515896e-01   1.3515951e-01
   1.2489788e-01   1.2512755e-01   1.2489655e-01   1.2489706e-01
   1.3635731e-01   1.3660805e-01   1.3635586e-01   1.3635641e-01
   1.3780527e-01   1.3805867e-01   1.3780381e-01   1.3780436e-01
   1.3583735e-01   1.3608714e-01   1.3583591e-01   1.3583646e-01
   1.2806555e-01   1.2830105e-01   1.2806420e-01   1.2806471e-01
   1.3477483e-01   1.3502266e-01   1.3477340e-01   1.3477395e-01
   1.2449158e-01   1.2472050e-01   1.2449026e-01   1.2449076e-01
   1.2062839e-01   1.2085021e-01   1.2062711e-01   1.2062760e-01
   1.3105928e-01   1.3130028e-01   1.3105789e-01   1.3105842e-01
   1.2095331e-01   1.2117573e-01   1.2095203e-01   1.2095252e-01
   1.2111975e-01   1.2134248e-01   1.2111847e-01   1.2111896e-01
   1.3733277e-01   1.3758530e-01   1.3733131e-01   1.3733187e-01
   1.2825555e-01   1.2849140e-01   1.2825420e-01   1.2825472e-01
   1.3914339e-01   1.3939926e-01   1.3914192e-01   1.3914248e-01
   1.2862643e-01   1.2886296e-01   1.2862507e-01   1.2862558e-01
   1.2844436e-01   1.2868056e-01   1.2844300e-01   1.2844352e-01
   1.3901837e-01   1.3927401e-01   1.3901690e-01   1.3901746e-01
   1.3605652e-01   1.3630671e-01   1.3605508e-01   1.3605563e-01
   1.2010285e-01   1.2032371e-01   1.2010158e-01   1.2010207e-01
   1.2584661e-01   1.2607803e-01   1.2584528e-01   1.2584579e-01
   1.3820057e-01   1.3845471e-01   1.3819911e-01   1.3819967e-01
   1.2269631e-01   1.2292193e-01   1.2269501e-01   1.2269550e-01
   1.2663262e-01   1.2686549e-01   1.2663128e-01   1.2663180e-01
   1.3179200e-01   1.3203435e-01   1.3179061e-01   1.3179114e-01
   1.3534514e-01   1.3559402e-01   1.3534371e-01   1.3534425e-01
   1.2475124e-01   1.2498064e-01   1.2474992e-01   1.2475043e-01
   1.3257630e-01   1.3282009e-01   1.3257490e-01   1.3257543e-01
   1.2421681e-01   1.2444523e-01   1.2421550e-01   1.2421600e-01
   1.2049140e-01   1.2071297e-01   1.2049013e-01   1.2049061e-01
   1.3404537e-01   1.3429186e-01   1.3404395e-01   1.3404449e-01
   1.2301625e-01   1.2324246e-01   1.2301495e-01   1.2301544e-01
   1.2733815e-01   1.2757231e-01   1.2733680e-01   1.2733732e-01
   1.3150277e-01   1.3174459e-01   1.3150138e-01   1.3150191e-01
   1.2143695e-01   1.2166025e-01   1.2143566e-01   1.2143615e-01
   1.2626038e-01   1.2649256e-01   1.2625904e-01   1.2625955e-01
   1.3655895e-01   1.3681007e-01   1.3655751e-01   1.3655806e-01
   1.2323076e-01   1.2345736e-01   1.2322945e-01   1.2322995e-01
   1.3294405e-01   1.3318852e-01   1.3294265e-01   1.3294318e-01
   1.2909655e-01   1.2933395e-01   1.2909519e-01   1.2909571e-01
   1.3141177e-01   1.3165342e-01   1.3141038e-01   1.3141091e-01
   1.3936687e-01   1.3962315e-01   1.3936540e-01   1.3936596e-01
   1.3852232e-01   1.3877704e-01   1.3852085e-01   1.3852141e-01
   1.3877999e-01   1.3903519e-01   1.3877852e-01   1.3877908e-01
   1.3685721e-01   1.3710888e-01   1.3685576e-01   1.3685632e-01
   1.3047205e-01   1.3071197e-01   1.3047067e-01   1.3047120e-01
   1.3960550e-01   1.3986222e-01   1.3960402e-01   1.3960459e-01
   1.2361109e-01   1.2383840e-01   1.2360978e-01   1.2361028e-01
   1.2970195e-01   1.2994045e-01   1.2970057e-01   1.2970110e-01
   1.3323341e-01   1.3347841e-01   1.3323200e-01   1.3323254e-01
   1.2507992e-01   1.2530992e-01   1.2507859e-01   1.2507910e-01
   1.2387944e-01   1.2410724e-01   1.2387813e-01   1.2387863e-01
   1.3465002e-01   1.3489763e-01   1.3464860e-01   1.3464914e-01
   1.3560904e-01   1.3585841e-01   1.3560760e-01   1.3560815e-01
   1.1999471e-01   1.2021536e-01   1.1999343e-01   1.1999392e-01
